Iteration limit exceeded for s=8.9.
Iteration limit exceeded for s=8.8.
Iteration limit exceeded for s=8.7.
Iteration limit exceeded for s=8.6.
Iteration limit exceeded for s=8.5.
Age (Myr) | Entropy (k_B/B) | Radius (R_Earth) | Mass (M_Earth) | Delta-M (M_Earth) | Atm Frac | T_eff
0 8.4 9.41637 8.00012 0.0 0.1 0
0.0954829 8.39 5.48765 8.00004 7.39714e-05 0.0999917 368.535
0.383932 8.38 5.44776 8 4.75558e-05 0.0999863 365.862
0.684212 8.37 5.40857 7.99995 4.84474e-05 0.0999809 363.21
0.996787 8.36 5.37015 7.9999 4.93611e-05 0.0999753 360.57
1.3221 8.35 5.3342 7.99985 5.02943e-05 0.0999697 357.948
1.66042 8.34 5.29834 7.9998 5.12633e-05 0.0999639 355.34
2.01225 8.33 5.26161 7.99974 5.22448e-05 0.099958 352.755
2.37831 8.32 5.22748 7.99969 5.32344e-05 0.099952 350.188
2.75885 8.31 5.1932 7.99964 5.42653e-05 0.0999459 347.632
3.15446 8.3 5.16101 7.99958 5.53045e-05 0.0999397 345.103
3.5654 8.29 5.12967 7.99953 5.63724e-05 0.0999334 342.6
3.99224 8.28 5.09816 7.99947 5.74754e-05 0.0999269 340.1
64.4848 8.28 5.09816 7.99147 0.00799362 0.0990266 337.627
131.013 8.28 5.09816 7.98356 0.00791368 0.0981335 337.627
131.457 8.27 5.0693 7.98353 3.52938e-05 0.0981295 337.627
131.918 8.26 5.039 7.98349 3.58489e-05 0.0981255 335.171
132.397 8.25 5.00998 7.98345 3.63959e-05 0.0981213 332.733
132.894 8.24 4.98058 7.98342 3.69518e-05 0.0981172 330.315
133.409 8.23 4.95115 7.98338 3.75069e-05 0.0981129 327.911
133.945 8.22 4.92191 7.98334 3.80575e-05 0.0981086 325.535
134.501 8.21 4.89327 7.9833 3.86147e-05 0.0981043 323.164
135.078 8.2 4.86322 7.98326 3.91764e-05 0.0980998 320.81
135.677 8.19 4.83676 7.98322 3.97291e-05 0.0980954 318.468
136.299 8.18 4.80937 7.98318 4.03102e-05 0.0980908 316.139
136.945 8.17 4.78215 7.98314 4.08811e-05 0.0980862 313.83
137.614 8.16 4.75591 7.9831 4.14423e-05 0.0980815 311.555
138.309 8.15 4.73042 7.98306 4.20146e-05 0.0980768 309.287
139.029 8.14 4.70498 7.98302 4.25929e-05 0.0980719 307.031
139.777 8.13 4.68005 7.98297 4.3163e-05 0.0980671 304.802
140.551 8.12 4.65585 7.98293 4.37407e-05 0.0980621 302.578
141.354 8.11 4.63354 7.98288 4.43121e-05 0.0980571 300.386
142.186 8.1 4.61136 7.98284 4.49083e-05 0.098052 298.189
143.048 8.09 4.58948 7.98279 4.54935e-05 0.0980469 296.022
143.941 8.08 4.56781 7.98275 4.6083e-05 0.0980417 293.863
144.865 8.07 4.54577 7.9827 4.6663e-05 0.0980364 291.73
145.823 8.06 4.52383 7.98265 4.72425e-05 0.0980311 289.599
146.815 8.05 4.5022 7.98261 4.7818e-05 0.0980257 287.482
147.843 8.04 4.48066 7.98256 4.83805e-05 0.0980202 285.395
148.907 8.03 4.45925 7.98251 4.89454e-05 0.0980147 283.309
150.01 8.02 4.43825 7.98246 4.95028e-05 0.0980091 281.24
151.152 8.01 4.41695 7.98241 5.00487e-05 0.0980034 279.196
152.335 8 4.39611 7.98236 5.05808e-05 0.0979977 277.169
153.561 7.99 4.37555 7.98231 5.11197e-05 0.0979919 275.14
154.83 7.98 4.35467 7.98226 5.16432e-05 0.0979861 273.137
156.144 7.97 4.33463 7.9822 5.21472e-05 0.0979802 271.154
157.505 7.96 4.3146 7.98215 5.26613e-05 0.0979743 269.17
158.914 7.95 4.29447 7.9821 5.31562e-05 0.0979683 267.209
160.526 7.94 4.27595 7.98204 5.92147e-05 0.0979616 265.28
162.036 7.93 4.25724 7.98199 5.40424e-05 0.0979555 263.342
163.599 7.92 4.23883 7.98193 5.45147e-05 0.0979493 261.421
165.216 7.91 4.22011 7.98188 5.49698e-05 0.0979431 259.521
166.89 7.9 4.20166 7.98182 5.54247e-05 0.0979368 257.614
168.623 7.89 4.1838 7.98176 5.58483e-05 0.0979305 255.743
170.416 7.88 4.16589 7.98171 5.62792e-05 0.0979241 253.867
172.272 7.87 4.14784 7.98165 5.66886e-05 0.0979177 252.01
174.192 7.86 4.12989 7.98159 5.70738e-05 0.0979113 250.172
176.179 7.85 4.11234 7.98154 5.74338e-05 0.0979048 248.356
178.235 7.84 4.09537 7.98148 5.77887e-05 0.0978983 246.545
180.363 7.83 4.07837 7.98142 5.81409e-05 0.0978917 244.737
182.563 7.82 4.06132 7.98136 5.8459e-05 0.0978851 242.958
184.84 7.81 4.04464 7.9813 5.8774e-05 0.0978784 241.174
187.195 7.8 4.02817 7.98124 5.90493e-05 0.0978718 239.425
189.631 7.79 4.01176 7.98119 5.93425e-05 0.0978651 237.656
192.151 7.78 3.99576 7.98113 5.95865e-05 0.0978583 235.928
194.757 7.77 3.98027 7.98107 5.98226e-05 0.0978516 234.206
197.451 7.76 3.96487 7.98101 6.00449e-05 0.0978448 232.495
200.236 7.75 3.94971 7.98095 6.02407e-05 0.097838 230.804
203.116 7.74 3.935 7.98089 6.04233e-05 0.0978311 229.119
206.092 7.73 3.92012 7.98082 6.05849e-05 0.0978243 227.453
209.168 7.72 3.90587 7.98076 6.07239e-05 0.0978174 225.797
212.347 7.71 3.89119 7.9807 6.08773e-05 0.0978105 224.128
215.634 7.7 3.8773 7.98064 6.09859e-05 0.0978037 222.486
219.03 7.69 3.86286 7.98058 6.10674e-05 0.0977967 220.872
319.03 7.68777 3.86012 7.97278 0.00780475 0.0969136 219.243
322.57 7.67777 3.8467 7.97274 3.72428e-05 0.0969093 218.877
326.227 7.66777 3.83298 7.9727 3.75369e-05 0.0969051 217.271
330.006 7.65777 3.81979 7.97266 3.7816e-05 0.0969008 215.681
333.91 7.64777 3.80614 7.97263 3.80881e-05 0.0968965 214.104
337.945 7.63777 3.79339 7.97259 3.83548e-05 0.0968921 212.525
342.113 7.62777 3.78016 7.97255 3.86166e-05 0.0968878 210.961
346.42 7.61777 3.76765 7.97251 3.88592e-05 0.0968834 209.413
350.866 7.60777 3.75534 7.97247 3.9084e-05 0.0968789 207.894
355.458 7.59777 3.74342 7.97243 3.93124e-05 0.0968745 206.369
360.201 7.58777 3.73131 7.97239 3.95439e-05 0.09687 204.84
365.099 7.57777 3.71921 7.97235 3.97495e-05 0.0968655 203.338
370.156 7.56777 3.70731 7.97231 3.994e-05 0.096861 201.85
375.379 7.55777 3.69576 7.97227 4.013e-05 0.0968564 200.361
380.771 7.54777 3.68457 7.97223 4.03073e-05 0.0968519 198.888
386.337 7.53777 3.67288 7.97219 4.04753e-05 0.0968473 197.425
392.085 7.52777 3.66117 7.97215 4.06255e-05 0.0968427 195.974
398.019 7.51777 3.6501 7.97211 4.07577e-05 0.0968381 194.538
404.145 7.50777 3.6391 7.97207 4.08898e-05 0.0968334 193.106
410.468 7.49777 3.62819 7.97203 4.10066e-05 0.0968288 191.688
510.468 7.49695 3.62731 7.96431 0.00771922 0.0959534 190.261
517.021 7.48695 3.61661 7.96428 3.10829e-05 0.0959499 190.143
617.021 7.48635 3.61592 7.95664 0.00764171 0.0950816 188.742
717.021 7.48586 3.61538 7.94907 0.0075653 0.0942204 188.664
723.818 7.47586 3.6049 7.94905 2.06904e-05 0.094218 188.601
823.818 7.47546 3.60447 7.94156 0.00748944 0.0933638 187.195
830.847 7.46546 3.59411 7.94154 1.78064e-05 0.0933618 187.157
930.847 7.46513 3.59375 7.93413 0.00741437 0.0925145 185.761
1030.85 7.46483 3.59347 7.92679 0.00734022 0.0916742 185.726
1130.85 7.46457 3.59323 7.91952 0.00726682 0.0908407 185.678
1230.85 7.46434 3.59298 7.91233 0.00719415 0.0900141 185.643
1238.16 7.45434 3.58288 7.91232 1.11527e-05 0.0900128 185.601
1245.7 7.44434 3.57289 7.9123 1.13315e-05 0.0900115 184.225
1253.48 7.43434 3.56272 7.91229 1.15072e-05 0.0900102 182.874
1261.51 7.42434 3.55294 7.91228 1.16883e-05 0.0900088 181.512
1269.8 7.41434 3.5434 7.91227 1.1868e-05 0.0900075 180.171
1278.35 7.40434 3.53357 7.91226 1.20542e-05 0.0900061 178.82
1287.18 7.39434 3.52365 7.91225 1.22367e-05 0.0900047 177.491
1296.28 7.38434 3.51411 7.91223 1.24156e-05 0.0900033 176.182
1396.28 7.38415 3.51392 7.90511 0.00712127 0.0891835 174.874
1496.28 7.38397 3.51377 7.89806 0.00705005 0.0883705 174.861
1596.28 7.38381 3.51361 7.89108 0.00697955 0.0875641 174.822
1696.28 7.38366 3.51347 7.88417 0.00690976 0.0867645 174.803
1705.73 7.37366 3.50391 7.88416 9.14618e-06 0.0867634 174.775
1715.48 7.36366 3.4943 7.88415 9.29732e-06 0.0867623 173.482
1725.54 7.35366 3.48477 7.88414 9.4474e-06 0.0867612 172.207
1735.92 7.34366 3.47518 7.88413 9.60268e-06 0.0867601 170.921
1746.63 7.33366 3.46596 7.88412 9.75463e-06 0.086759 169.662
1757.67 7.32366 3.4569 7.88412 9.90987e-06 0.0867579 168.404
1769.06 7.31366 3.44736 7.8841 1.00658e-05 0.0867567 167.156
1780.83 7.30366 3.43828 7.88409 1.02262e-05 0.0867555 165.896
1792.96 7.29366 3.42935 7.88408 1.03867e-05 0.0867543 164.653
1892.96 7.29354 3.42924 7.87724 0.00683978 0.0859613 163.411
1992.96 7.29342 3.42913 7.87047 0.00677138 0.0851749 163.395
2005.52 7.28342 3.4203 7.87046 9.31867e-06 0.0851739 163.389
2018.46 7.27342 3.41144 7.87045 9.46669e-06 0.0851728 162.175
2031.83 7.26342 3.40257 7.87044 9.62247e-06 0.0851716 160.941
2131.83 7.26332 3.40248 7.86374 0.00670339 0.0843918 159.758
2231.83 7.26322 3.40239 7.85711 0.00663635 0.0836184 159.739
2331.83 7.26312 3.40229 7.85054 0.00656999 0.0828515 159.73
2345.65 7.25312 3.39375 7.85053 8.32489e-06 0.0828506 159.729
2359.92 7.24312 3.38487 7.85052 8.46782e-06 0.0828496 158.515
2374.64 7.23312 3.37625 7.85051 8.60291e-06 0.0828486 157.345
2389.83 7.22312 3.36796 7.8505 8.74806e-06 0.0828476 156.144
2405.5 7.21312 3.35911 7.85049 8.89147e-06 0.0828465 154.966
2421.66 7.20312 3.35071 7.85048 9.02938e-06 0.0828455 153.816
2438.34 7.19312 3.3421 7.85047 9.17358e-06 0.0828444 152.655
2538.34 7.19304 3.34203 7.84397 0.00650368 0.0820839 151.51
2555.57 7.18304 3.33372 7.84396 8.8993e-06 0.0820829 151.484
2573.35 7.17304 3.32544 7.84395 9.0385e-06 0.0820818 150.349
2591.69 7.16304 3.31683 7.84394 9.18156e-06 0.0820808 149.21
2610.62 7.15304 3.3086 7.84393 9.3247e-06 0.0820797 148.076
2630.14 7.14304 3.3003 7.84392 9.46262e-06 0.0820786 146.975
2650.28 7.13304 3.29221 7.84391 9.60803e-06 0.0820775 145.853
2671.06 7.12304 3.28432 7.8439 9.7479e-06 0.0820763 144.764
2692.49 7.11304 3.27616 7.84389 9.89258e-06 0.0820752 143.667
2714.63 7.10304 3.26833 7.84388 1.00442e-05 0.082074 142.549
2737.46 7.09304 3.26024 7.84387 1.01907e-05 0.0820728 141.462
2761.03 7.08304 3.25239 7.84386 1.03349e-05 0.0820716 140.386
2785.35 7.07304 3.24483 7.84385 1.04807e-05 0.0820703 139.315
2810.41 7.06304 3.2372 7.84384 1.06196e-05 0.0820691 138.275
2836.29 7.05304 3.22941 7.84383 1.07701e-05 0.0820678 137.203
2859.46 7.04304 3.22169 7.84382 9.4702e-06 0.0820667 141.065
2883.36 7.03304 3.21416 7.84381 9.60831e-06 0.0820656 139.989
2908.01 7.02304 3.20678 7.8438 9.7463e-06 0.0820645 138.923
2933.46 7.01304 3.19931 7.84379 9.89051e-06 0.0820633 137.844
2959.72 7.00304 3.19184 7.84378 1.0032e-05 0.0820621 136.781
2986.8 6.99304 3.18451 7.84377 1.01642e-05 0.082061 135.754
3086.8 6.99298 3.18446 7.83734 0.00643668 0.0813071 134.679
3114.78 6.98298 3.17708 7.83733 9.93336e-06 0.0813059 134.682
3214.78 6.98292 3.17704 7.83095 0.00637221 0.0805583 133.637
3314.78 6.98287 3.17701 7.82465 0.00630849 0.0798171 133.649
3343.71 6.97287 3.1698 7.82464 9.39149e-06 0.0798159 133.626
3373.57 6.96287 3.16266 7.82463 9.52975e-06 0.0798148 132.585
3404.34 6.95287 3.15544 7.82462 9.65493e-06 0.0798137 131.596
3436.1 6.94287 3.14838 7.82461 9.79073e-06 0.0798125 130.576
3468.87 6.93287 3.14145 7.8246 9.92712e-06 0.0798114 129.562
3502.7 6.92287 3.13439 7.82459 1.00663e-05 0.0798102 128.546
3537.61 6.91287 3.12755 7.82458 1.02032e-05 0.079809 127.541
3573.62 6.90287 3.12067 7.82457 1.03346e-05 0.0798078 126.561
3610.75 6.89287 3.114 7.82456 1.04635e-05 0.0798065 125.592
3649.08 6.88287 3.10722 7.82455 1.06014e-05 0.0798053 124.604
3688.61 6.87287 3.10058 7.82454 1.07287e-05 0.079804 123.649
3729.43 6.86287 3.09391 7.82452 1.08702e-05 0.0798028 122.659
3771.51 6.85287 3.0874 7.82451 1.09919e-05 0.0798015 121.728
3814.96 6.84287 3.08066 7.8245 1.11318e-05 0.0798002 120.752
3859.79 6.83287 3.07435 7.82449 1.12602e-05 0.0797988 119.809
3906.06 6.82287 3.0679 7.82448 1.13903e-05 0.0797975 118.868
3953.76 6.81287 3.06142 7.82447 1.15108e-05 0.0797961 117.953
4003.02 6.80287 3.05503 7.82446 1.1645e-05 0.0797948 117.006
4053.84 6.79287 3.04877 7.82445 1.17682e-05 0.0797934 116.09
4106.25 6.78287 3.04244 7.82443 1.18861e-05 0.079792 115.19
4160.32 6.77287 3.03632 7.82442 1.20047e-05 0.0797906 114.29
4216.13 6.76287 3.03028 7.82441 1.213e-05 0.0797891 113.378
4273.7 6.75287 3.02414 7.8244 1.22475e-05 0.0797877 112.487
4333.12 6.74287 3.01785 7.82438 1.23663e-05 0.0797863 111.594
4394.44 6.73287 3.01201 7.82437 1.24822e-05 0.0797848 110.707
4457.67 6.72287 3.00609 7.82436 1.25866e-05 0.0797833 109.851
4522.85 6.71287 3.00028 7.82435 1.26883e-05 0.0797818 109
4590.16 6.70287 2.99447 7.82433 1.28094e-05 0.0797803 108.111
4659.52 6.69287 2.98851 7.82432 1.29003e-05 0.0797788 107.285
4731.18 6.68287 2.9825 7.82431 1.30194e-05 0.0797773 106.401
4831.18 6.68284 2.98248 7.81807 0.00624202 0.0790425 105.568
4931.18 6.68172 2.98187 7.81791 0.000154552 0.0790243 105.562
5005.3 6.67172 2.97619 7.8179 1.25364e-05 0.0790229 105.506
5081.86 6.66172 2.97059 7.81789 1.26533e-05 0.0790214 104.64
5160.83 6.65172 2.96495 7.81787 1.27542e-05 0.0790199 103.808
5242.3 6.64172 2.95939 7.81786 1.28508e-05 0.0790184 102.985
5326.23 6.63172 2.95377 7.81785 1.29295e-05 0.0790168 102.198
5412.9 6.62172 2.94798 7.81783 1.30345e-05 0.0790153 101.361
5502.29 6.61172 2.94241 7.81782 1.31178e-05 0.0790137 100.564
5594.4 6.60172 2.93711 7.81781 1.31899e-05 0.0790122 99.7908
5689.43 6.59172 2.93175 7.8178 1.32779e-05 0.0790106 98.9903
5787.39 6.58172 2.92639 7.81778 1.33507e-05 0.0790091 98.2176
5887.39 6.57184 2.92124 7.81777 1.34456e-05 0.0790075 97.4052
5987.39 6.56225 2.91607 7.81775 1.35171e-05 0.0790059 96.6439
6087.39 6.55294 2.91085 7.81774 1.35871e-05 0.0790043 95.9028
6187.39 6.5439 2.90601 7.81773 1.36466e-05 0.0790027 95.1964
6287.39 6.5351 2.90163 7.81771 1.37009e-05 0.0790011 94.5181
6387.39 6.52653 2.89719 7.8177 1.37466e-05 0.0789994 93.8728
6487.39 6.51818 2.89291 7.81769 1.37894e-05 0.0789978 93.246
6587.39 6.51005 2.88871 7.81767 1.38491e-05 0.0789962 92.6054
6687.39 6.50211 2.88477 7.81766 1.3885e-05 0.0789945 92.0184
6787.39 6.49438 2.88073 7.81764 1.39436e-05 0.0789929 91.4082
6887.39 6.48682 2.87674 7.81763 1.3973e-05 0.0789913 90.8569
6987.39 6.4868 2.87674 7.81146 0.00617524 0.0782632 90.3449
7087.39 6.48679 2.87672 7.80534 0.00611349 0.0775412 90.3151
7187.39 6.47941 2.87291 7.80533 1.35792e-05 0.0775396 90.3366
7287.39 6.47939 2.87289 7.79928 0.00605222 0.0768238 89.7753
7387.39 6.47218 2.86933 7.79926 1.3427e-05 0.0768222 89.7975
7487.39 6.46513 2.86591 7.79925 1.34526e-05 0.0768206 89.3013
7587.39 6.45823 2.86253 7.79924 1.34985e-05 0.076819 88.7819
7687.39 6.45147 2.85917 7.79922 1.35268e-05 0.0768174 88.3008
7787.39 6.44485 2.85597 7.79921 1.35729e-05 0.0768158 87.7998
7887.39 6.43837 2.85283 7.79919 1.35945e-05 0.0768142 87.3481
7987.39 6.432 2.84977 7.79918 1.36044e-05 0.0768126 86.9234
8087.39 6.42576 2.84676 7.79917 1.36311e-05 0.076811 86.4799
8187.39 6.41964 2.84364 7.79915 1.36636e-05 0.0768094 86.0351
8287.39 6.41363 2.84072 7.79914 1.36668e-05 0.0768077 85.6425
8387.39 6.40772 2.83792 7.79913 1.3677e-05 0.0768061 85.2472
8487.39 6.40193 2.83516 7.79911 1.37192e-05 0.0768045 84.8098
8587.39 6.39623 2.83257 7.7991 1.37215e-05 0.0768029 84.4408
8687.39 6.39063 2.82992 7.79909 1.37411e-05 0.0768012 84.0526
8787.39 6.38513 2.8273 7.79907 1.37661e-05 0.0767996 83.6619
8887.39 6.3797 2.82486 7.79906 1.37481e-05 0.076798 83.3422
8987.39 6.37969 2.82486 7.79307 0.00598952 0.0760884 82.9716
9087.39 6.37437 2.82235 7.79305 1.36276e-05 0.0760868 82.9516
9187.39 6.36913 2.8199 7.79304 1.36306e-05 0.0760852 82.6146
9287.39 6.36396 2.81749 7.79303 1.36316e-05 0.0760836 82.2862
9387.39 6.35888 2.81515 7.79301 1.36484e-05 0.076082 81.9393
9487.39 6.35887 2.81513 7.78708 0.00592908 0.0753785 81.5864
9587.39 6.35886 2.81513 7.78122 0.00586979 0.074681 81.6198
9687.39 6.35885 2.81512 7.7754 0.00581109 0.0739895 81.6003
9787.39 6.35385 2.81268 7.77539 1.32201e-05 0.0739879 81.6352
9887.39 6.34893 2.81041 7.77538 1.32423e-05 0.0739863 81.2965
9987.39 6.34408 2.80821 7.77536 1.32609e-05 0.0739847 80.9692
10087.4 6.3393 2.80607 7.77535 1.32495e-05 0.0739831 80.6923
10187.4 6.33459 2.80383 7.77534 1.32804e-05 0.0739816 80.3558
10287.4 6.32995 2.8017 7.77532 1.32813e-05 0.07398 80.0681
10387.4 6.32536 2.79964 7.77531 1.32785e-05 0.0739784 79.7906
10487.4 6.32085 2.79771 7.7753 1.33031e-05 0.0739768 79.4762
10587.4 6.31639 2.79615 7.77528 1.33101e-05 0.0739752 79.1932
10687.4 6.31199 2.79419 7.77527 1.33142e-05 0.0739736 78.9205
10787.4 6.30765 2.79221 7.77526 1.33289e-05 0.0739721 78.6329
10887.4 6.30336 2.79032 7.77524 1.33014e-05 0.0739705 78.4107
10987.4 6.29912 2.78838 7.77523 1.33067e-05 0.0739689 78.1439
11087.4 6.29494 2.7865 7.77522 1.33359e-05 0.0739673 77.8454
11187.4 6.29081 2.78479 7.7752 1.33219e-05 0.0739657 77.6135
11287.4 6.28673 2.78283 7.77519 1.33187e-05 0.0739641 77.3702
11387.4 6.28269 2.78105 7.77518 1.33207e-05 0.0739625 77.1206
11487.4 6.27871 2.77931 7.77516 1.33255e-05 0.073961 76.8712
11587.4 6.27476 2.7776 7.77515 1.33086e-05 0.0739594 76.6562
11687.4 6.27087 2.77592 7.77514 1.3316e-05 0.0739578 76.4092
11787.4 6.26702 2.77424 7.77512 1.33268e-05 0.0739562 76.1605
11887.4 6.26322 2.77263 7.77511 1.33377e-05 0.0739546 75.9144
11987.4 6.25946 2.77099 7.7751 1.33308e-05 0.073953 75.6967
12087.4 6.25574 2.76944 7.77508 1.33271e-05 0.0739514 75.477
12187.4 6.25205 2.76778 7.77507 1.32996e-05 0.0739499 75.2939
12287.4 6.24841 2.76624 7.77506 1.33112e-05 0.0739483 75.0573
12387.4 6.24481 2.76465 7.77504 1.33184e-05 0.0739467 74.8301
12487.4 6.2448 2.76465 7.7693 0.00574939 0.0732614 74.6451
12587.4 6.24123 2.76321 7.76928 1.32055e-05 0.0732598 74.6324
12687.4 6.24123 2.76319 7.76359 0.00569176 0.0725804 74.409
12787.4 6.2377 2.7617 7.76358 1.30879e-05 0.0725788 74.4497
12887.4 6.23421 2.76026 7.76356 1.31044e-05 0.0725773 74.2192
12987.4 6.23075 2.75877 7.76355 1.30912e-05 0.0725757 74.0334
13087.4 6.22733 2.75739 7.76354 1.30857e-05 0.0725741 73.8385
13187.4 6.22395 2.75594 7.76353 1.31039e-05 0.0725726 73.6131
13287.4 6.22059 2.75456 7.76351 1.3088e-05 0.072571 73.4373
13387.4 6.21727 2.75313 7.7635 1.30811e-05 0.0725694 73.2511
13487.4 6.21398 2.75178 7.76349 1.30856e-05 0.0725679 73.0507
13587.4 6.21072 2.75029 7.76347 1.30677e-05 0.0725663 72.8841
13687.4 6.2075 2.74908 7.76346 1.30719e-05 0.0725648 72.6874
13787.4 6.2043 2.74778 7.76345 1.3052e-05 0.0725632 72.5281
13887.4 6.20113 2.74646 7.76343 1.30763e-05 0.0725616 72.3087
13987.4 6.19799 2.74509 7.76342 1.3035e-05 0.0725601 72.1818
14087.4 6.19487 2.74384 7.76341 1.30305e-05 0.0725585 72.0053
