Iteration limit exceeded for s=8.38.
Iteration limit exceeded for s=8.28.
Iteration limit exceeded for s=8.18.
Iteration limit exceeded for s=8.08.
Iteration limit exceeded for s=7.98.
Age (Myr) | Entropy (k_B/B) | Radius (R_Earth) | Mass (M_Earth) | Delta-M (M_Earth) | Atm Frac | T_eff
0 7.88 10.2778 8.00038 0.0 0.2 0
0.261738 7.87 6.18063 8.00012 0.000261332 0.199974 251.995
1.00425 7.86 6.13505 7.99995 0.000171516 0.199957 250.164
1.77722 7.85 6.08823 7.99978 0.00017444 0.199939 248.339
2.58227 7.84 6.04455 7.9996 0.000177352 0.199922 246.532
3.42009 7.83 6.00088 7.99942 0.000180402 0.199903 244.727
4.292 7.82 5.95721 7.99924 0.00018346 0.199885 242.943
5.19951 7.81 5.91614 7.99905 0.000186554 0.199866 241.17
6.14341 7.8 5.87498 7.99886 0.000189765 0.199847 239.406
7.12536 7.79 5.83623 7.99867 0.000193026 0.199828 237.649
8.14615 7.78 5.79708 7.99847 0.000196386 0.199809 235.907
9.20739 7.77 5.75969 7.99827 0.000199748 0.199789 234.185
10.3101 7.76 5.72164 7.99807 0.000203199 0.199768 232.476
98.9226 7.76 5.72164 7.98209 0.0159776 0.198166 230.777
195.7 7.76 5.72164 7.96627 0.0158178 0.196574 230.777
196.851 7.75 5.68424 7.9662 7.4075e-05 0.196567 230.777
198.046 7.74 5.6486 7.96612 7.49022e-05 0.196559 229.1
199.288 7.73 5.61223 7.96605 7.57381e-05 0.196552 227.434
200.579 7.72 5.57762 7.96597 7.65598e-05 0.196544 225.775
201.919 7.71 5.54185 7.96589 7.74023e-05 0.196536 224.118
203.311 7.7 5.50829 7.96582 7.82061e-05 0.196528 222.479
204.757 7.69 5.4733 7.96574 7.90267e-05 0.19652 220.849
206.26 7.68 5.44108 7.96566 7.98157e-05 0.196512 219.227
207.819 7.67 5.40733 7.96558 8.06202e-05 0.196504 217.62
209.439 7.66 5.37628 7.96549 8.13802e-05 0.196496 216.028
211.12 7.65 5.344 7.96541 8.21692e-05 0.196488 214.439
212.865 7.64 5.313 7.96533 8.29097e-05 0.196479 212.869
214.676 7.63 5.28277 7.96525 8.36671e-05 0.196471 211.297
216.556 7.62 5.25428 7.96516 8.43986e-05 0.196462 209.746
218.505 7.61 5.22604 7.96508 8.51232e-05 0.196454 208.212
220.526 7.6 5.19867 7.96499 8.58255e-05 0.196445 206.691
222.621 7.59 5.17157 7.9649 8.65276e-05 0.196436 205.174
224.792 7.58 5.14461 7.96482 8.72189e-05 0.196427 203.662
227.044 7.57 5.11824 7.96473 8.7882e-05 0.196419 202.165
229.377 7.56 5.09261 7.96464 8.85165e-05 0.19641 200.684
231.795 7.55 5.06784 7.96455 8.91559e-05 0.196401 199.203
234.3 7.54 5.04246 7.96446 8.97608e-05 0.196392 197.744
236.896 7.53 5.01716 7.96437 9.03525e-05 0.196383 196.281
239.587 7.52 4.99364 7.96428 9.09069e-05 0.196373 194.834
242.373 7.51 4.97005 7.96419 9.14538e-05 0.196364 193.4
245.258 7.5 4.94662 7.9641 9.19543e-05 0.196355 191.985
248.246 7.49 4.92254 7.964 9.2446e-05 0.196345 190.569
251.341 7.48 4.89912 7.96391 9.28955e-05 0.196336 189.163
254.548 7.47 4.87668 7.96382 9.33268e-05 0.196327 187.764
257.869 7.46 4.8553 7.96372 9.3739e-05 0.196317 186.377
261.306 7.45 4.83397 7.96363 9.41561e-05 0.196308 184.99
264.865 7.44 4.81253 7.96354 9.45201e-05 0.196298 183.624
268.548 7.43 4.79162 7.96344 9.48566e-05 0.196289 182.262
368.548 7.4284 4.78845 7.94781 0.0156313 0.194708 180.909
372.389 7.4184 4.76826 7.94775 6.30581e-05 0.194702 180.699
376.363 7.4084 4.74787 7.94768 6.35808e-05 0.194695 179.357
380.477 7.3984 4.72789 7.94762 6.40865e-05 0.194689 178.023
384.734 7.3884 4.70782 7.94755 6.45821e-05 0.194682 176.697
389.14 7.3784 4.68837 7.94749 6.50581e-05 0.194675 175.382
393.699 7.3684 4.66936 7.94742 6.5504e-05 0.194669 174.088
398.415 7.3584 4.65057 7.94736 6.59629e-05 0.194662 172.786
403.293 7.3484 4.63097 7.94729 6.63779e-05 0.194655 171.512
408.34 7.3384 4.61268 7.94722 6.67613e-05 0.194649 170.246
413.56 7.3284 4.59427 7.94716 6.71527e-05 0.194642 168.982
418.96 7.3184 4.57669 7.94709 6.75294e-05 0.194635 167.723
424.547 7.3084 4.55856 7.94702 6.79157e-05 0.194628 166.46
430.325 7.2984 4.54029 7.94695 6.82515e-05 0.194621 165.219
436.304 7.2884 4.52312 7.94689 6.85701e-05 0.194614 163.983
442.486 7.2784 4.50557 7.94682 6.88743e-05 0.194607 162.759
448.882 7.2684 4.48853 7.94675 6.91637e-05 0.1946 161.537
455.496 7.2584 4.47118 7.94668 6.94255e-05 0.194593 160.329
462.336 7.2484 4.45321 7.94661 6.96493e-05 0.194586 159.136
469.414 7.2384 4.43588 7.94654 6.98741e-05 0.194579 157.933
476.737 7.2284 4.41959 7.94647 7.00609e-05 0.194572 156.751
484.308 7.2184 4.403 7.9464 7.02359e-05 0.194565 155.579
492.138 7.2084 4.38658 7.94633 7.03968e-05 0.194558 154.408
500.239 7.1984 4.36933 7.94626 7.05538e-05 0.194551 153.235
508.619 7.1884 4.35272 7.94619 7.06422e-05 0.194543 152.088
517.29 7.1784 4.33718 7.94612 7.07432e-05 0.194536 150.934
526.255 7.1684 4.32084 7.94604 7.08192e-05 0.194529 149.797
535.529 7.1584 4.30496 7.94597 7.08608e-05 0.194522 148.667
545.116 7.1484 4.29016 7.9459 7.08579e-05 0.194515 147.558
555.031 7.1384 4.27446 7.94583 7.09064e-05 0.194508 146.428
565.285 7.1284 4.25997 7.94576 7.0884e-05 0.1945 145.322
575.885 7.1184 4.24475 7.94569 7.08636e-05 0.194493 144.22
586.846 7.1084 4.22919 7.94562 7.0796e-05 0.194486 143.132
598.183 7.0984 4.21469 7.94555 7.07141e-05 0.194479 142.045
609.908 7.0884 4.1995 7.94548 7.06478e-05 0.194472 140.955
622.034 7.0784 4.18514 7.94541 7.05215e-05 0.194464 139.885
634.572 7.0684 4.17068 7.94534 7.03927e-05 0.194457 138.819
647.536 7.0584 4.15552 7.94527 7.02332e-05 0.19445 137.765
660.946 7.0484 4.14131 7.9452 7.00451e-05 0.194443 136.715
672.972 7.0384 4.12664 7.94514 6.05898e-05 0.194437 140.549
685.412 7.0284 4.11249 7.94508 6.06137e-05 0.194431 139.473
698.282 7.0184 4.09907 7.94502 6.06472e-05 0.194425 138.392
711.587 7.0084 4.08493 7.94495 6.065e-05 0.194419 137.33
725.351 6.9984 4.07164 7.94489 6.06349e-05 0.194412 136.269
825.351 6.99813 4.07126 7.92945 0.0154459 0.192843 135.22
925.351 6.99789 4.07095 7.91416 0.0152914 0.191284 135.202
939.645 6.98789 4.05803 7.91411 4.49536e-05 0.191279 135.173
954.422 6.97789 4.04495 7.91407 4.5165e-05 0.191274 134.131
969.696 6.96789 4.03233 7.91402 4.53486e-05 0.19127 133.105
985.487 6.95789 4.01949 7.91398 4.55434e-05 0.191265 132.072
1001.81 6.94789 4.00639 7.91393 4.57177e-05 0.19126 131.048
1018.7 6.93789 3.99424 7.91388 4.58802e-05 0.191256 130.029
1036.15 6.92789 3.98159 7.91384 4.60122e-05 0.191251 129.035
1054.19 6.91789 3.96927 7.91379 4.61595e-05 0.191246 128.025
1072.84 6.90789 3.95717 7.91375 4.62719e-05 0.191242 127.037
1092.12 6.89789 3.94484 7.9137 4.63868e-05 0.191237 126.048
1112.05 6.88789 3.93271 7.91365 4.64748e-05 0.191232 125.072
1132.66 6.87789 3.92077 7.91361 4.65614e-05 0.191227 124.095
1153.96 6.86789 3.90863 7.91356 4.66264e-05 0.191223 123.132
1175.99 6.85789 3.89705 7.91351 4.66818e-05 0.191218 122.171
1198.77 6.84789 3.88558 7.91347 4.67572e-05 0.191213 121.2
1222.3 6.83789 3.87415 7.91342 4.67576e-05 0.191208 120.274
1246.63 6.82789 3.86305 7.91337 4.67976e-05 0.191204 119.322
1346.63 6.82777 3.86291 7.89824 0.0151306 0.189654 118.383
1371.83 6.81777 3.85188 7.8982 4.27242e-05 0.18965 118.374
1397.86 6.80777 3.84051 7.89816 4.27885e-05 0.189645 117.456
1424.78 6.79777 3.83022 7.89811 4.28705e-05 0.189641 116.521
1452.59 6.78777 3.81976 7.89807 4.29178e-05 0.189637 115.616
1552.59 6.78767 3.81965 7.88309 0.0149776 0.188097 114.702
1581.37 6.77767 3.80887 7.88305 3.97367e-05 0.188093 114.705
1611.11 6.76767 3.79848 7.88301 3.98322e-05 0.188089 113.799
1641.86 6.75767 3.78831 7.88297 3.99251e-05 0.188085 112.897
1673.62 6.74767 3.77768 7.88293 3.99973e-05 0.18808 112.008
1706.47 6.73767 3.76765 7.88289 4.00713e-05 0.188076 111.114
1740.4 6.72767 3.75786 7.88285 4.01139e-05 0.188072 110.243
1775.45 6.71767 3.74789 7.88281 4.01507e-05 0.188068 109.377
1875.45 6.71759 3.74778 7.86799 0.0148251 0.186538 108.497
1911.74 6.70759 3.73813 7.86795 3.77372e-05 0.186534 108.499
1949.2 6.69759 3.72803 7.86791 3.77875e-05 0.18653 107.654
1987.94 6.68759 3.71788 7.86787 3.78669e-05 0.186526 106.786
2027.98 6.67759 3.70805 7.86784 3.79072e-05 0.186523 105.942
2069.34 6.66759 3.6986 7.8678 3.79401e-05 0.186519 105.105
2112.04 6.65759 3.68928 7.86776 3.7936e-05 0.186515 104.294
2156.18 6.64759 3.67992 7.86772 3.79799e-05 0.186511 103.451
2201.78 6.63759 3.67076 7.86768 3.79893e-05 0.186507 102.63
2248.88 6.62759 3.6612 7.86765 3.79912e-05 0.186503 101.813
2297.55 6.61759 3.65166 7.86761 3.79761e-05 0.186499 101.005
2347.81 6.60759 3.64283 7.86757 3.79228e-05 0.186495 100.221
2399.7 6.59759 3.63394 7.86753 3.78886e-05 0.186491 99.4286
2453.31 6.58759 3.62504 7.8675 3.78613e-05 0.186487 98.6312
2508.67 6.57759 3.61629 7.86746 3.78014e-05 0.186483 97.8543
2565.83 6.56759 3.60766 7.86742 3.77382e-05 0.186479 97.0805
2624.88 6.55759 3.59879 7.86738 3.76799e-05 0.186476 96.3043
2685.82 6.54759 3.58966 7.86734 3.75791e-05 0.186472 95.5533
2748.82 6.53759 3.58127 7.86731 3.75209e-05 0.186468 94.7746
2848.82 6.53755 3.58123 7.85264 0.01467 0.184948 94.0177
2913.91 6.52755 3.57272 7.8526 3.5958e-05 0.184944 94.0354
2981.11 6.51755 3.56428 7.85257 3.58975e-05 0.18494 93.2867
3050.5 6.50755 3.55604 7.85253 3.58236e-05 0.184937 92.5475
3122.13 6.49755 3.54756 7.85249 3.57423e-05 0.184933 91.8144
3196.13 6.48755 3.53893 7.85246 3.56762e-05 0.184929 91.071
3272.49 6.47755 3.53061 7.85242 3.55546e-05 0.184926 90.3618
3372.49 6.47752 3.53058 7.8379 0.0145211 0.183416 89.6332
3451.45 6.46752 3.52256 7.83787 3.43307e-05 0.183412 89.6352
3551.45 6.46749 3.52254 7.82349 0.0143756 0.181912 88.9259
3651.45 6.46746 3.52251 7.80926 0.0142318 0.180421 88.9088
3751.45 6.46744 3.52249 7.79517 0.0140895 0.178939 88.9225
3851.45 6.46741 3.52246 7.78122 0.0139486 0.177467 88.9074
3933.33 6.45741 3.51446 7.78119 3.04803e-05 0.177464 88.923
4017.87 6.44741 3.50644 7.78116 3.04981e-05 0.177461 88.2114
4105.09 6.43741 3.49854 7.78113 3.04825e-05 0.177458 87.5234
4205.09 6.43738 3.49852 7.76732 0.0138082 0.175995 86.8161
4295.3 6.42738 3.49066 7.76729 2.9753e-05 0.175992 86.8068
4388.38 6.41738 3.48247 7.76726 2.97498e-05 0.175989 86.1234
4488.38 6.41736 3.48245 7.75359 0.0136695 0.174536 85.4457
4584.58 6.40736 3.47481 7.75356 2.90588e-05 0.174533 85.4422
4683.83 6.39736 3.46718 7.75353 2.90619e-05 0.17453 84.7671
4783.83 6.39734 3.46716 7.74 0.0135323 0.173087 84.1025
4883.83 6.38759 3.45952 7.73997 2.84366e-05 0.173084 84.1
4983.83 6.37812 3.45238 7.73995 2.84106e-05 0.173081 83.472
5083.83 6.36893 3.44542 7.73992 2.84169e-05 0.173078 82.8413
5183.83 6.36 3.43864 7.73989 2.84077e-05 0.173075 82.2399
5283.83 6.35131 3.43185 7.73986 2.84023e-05 0.173072 81.6532
5383.83 6.34286 3.42566 7.73983 2.83703e-05 0.173069 81.1005
5483.83 6.34284 3.42565 7.72644 0.0133952 0.171635 80.5501
5583.83 6.33462 3.41946 7.72641 2.78438e-05 0.171632 80.5541
5683.83 6.32661 3.41351 7.72638 2.7837e-05 0.171629 80.0237
5783.83 6.31878 3.40863 7.72635 2.77633e-05 0.171626 79.555
5883.83 6.31877 3.40862 7.71309 0.0132605 0.170202 79.0451
5983.83 6.31875 3.40862 7.69996 0.0131278 0.168787 79.0498
6083.83 6.31114 3.40314 7.69994 2.68902e-05 0.168784 79.0318
6183.83 6.30369 3.39771 7.69991 2.68442e-05 0.168782 78.5844
6283.83 6.30368 3.39771 7.68691 0.012996 0.167376 78.1288
6383.83 6.30366 3.39769 7.67405 0.0128661 0.16598 78.106
6483.83 6.30365 3.39768 7.66131 0.0127374 0.164594 78.114
6583.83 6.2964 3.39231 7.66129 2.56472e-05 0.164591 78.1224
6683.83 6.28932 3.38729 7.66126 2.56458e-05 0.164588 77.6814
6783.83 6.28239 3.38223 7.66123 2.56598e-05 0.164585 77.24
6883.83 6.2756 3.37744 7.66121 2.56601e-05 0.164583 76.8175
6983.83 6.27559 3.37744 7.6486 0.012609 0.163205 76.4292
7083.83 6.26896 3.37277 7.64857 2.53117e-05 0.163203 76.4093
7183.83 6.26245 3.36831 7.64855 2.53017e-05 0.1632 76.018
7283.83 6.25607 3.36384 7.64852 2.52793e-05 0.163197 75.6446
7383.83 6.25606 3.36384 7.63604 0.0124822 0.161829 75.2788
7483.83 6.25605 3.36382 7.62368 0.0123573 0.160471 75.2594
7583.83 6.24981 3.35938 7.62366 2.46454e-05 0.160468 75.2721
7683.83 6.24368 3.35509 7.62364 2.46419e-05 0.160465 74.9073
7783.83 6.23767 3.35097 7.62361 2.46432e-05 0.160462 74.5464
7883.83 6.23177 3.34693 7.62359 2.46268e-05 0.16046 74.2057
7983.83 6.23176 3.34693 7.61135 0.0122328 0.15911 73.8655
8083.83 6.23174 3.34692 7.59924 0.0121105 0.15777 73.8484
8183.83 6.22596 3.34305 7.59922 2.40745e-05 0.157768 73.8632
8283.83 6.22028 3.33916 7.59919 2.40716e-05 0.157765 73.5331
8383.83 6.21469 3.33532 7.59917 2.4064e-05 0.157762 73.2121
8483.83 6.21468 3.3353 7.58718 0.0119886 0.156431 72.8792
8583.83 6.20919 3.3315 7.58716 2.38056e-05 0.156429 72.8965
8683.83 6.20379 3.32803 7.58713 2.38066e-05 0.156426 72.583
8783.83 6.19848 3.32449 7.58711 2.37894e-05 0.156424 72.2899
8883.83 6.19325 3.32097 7.58709 2.37799e-05 0.156421 71.9954
8983.83 6.1881 3.31747 7.58706 2.3777e-05 0.156418 71.7007
9083.83 6.18304 3.31394 7.58704 2.37872e-05 0.156416 71.4008
9183.83 6.17804 3.31069 7.58702 2.3743e-05 0.156413 71.1457
9283.83 6.17312 3.30741 7.58699 2.3729e-05 0.15641 70.8738
9383.83 6.16828 3.30433 7.58697 2.37488e-05 0.156408 70.5807
9483.83 6.16349 3.30127 7.58694 2.37039e-05 0.156405 70.3406
9583.83 6.15878 3.29827 7.58692 2.36788e-05 0.156402 70.0898
9683.83 6.15413 3.29529 7.5869 2.36722e-05 0.1564 69.8294
9783.83 6.14954 3.2922 7.58687 2.36454e-05 0.156397 69.5876
9883.83 6.14502 3.28944 7.58685 2.36564e-05 0.156395 69.3212
9983.83 6.14056 3.28644 7.58683 2.36416e-05 0.156392 69.0788
10083.8 6.13615 3.28385 7.5868 2.3576e-05 0.156389 68.8756
10183.8 6.1318 3.28101 7.58678 2.35584e-05 0.156387 68.6427
10283.8 6.12751 3.27818 7.58676 2.35682e-05 0.156384 68.3919
10383.8 6.12327 3.27566 7.58673 2.35476e-05 0.156381 68.1664
10483.8 6.11908 3.27302 7.58671 2.35062e-05 0.156379 67.9605
10583.8 6.11907 3.27302 7.57484 0.011864 0.155057 67.7566
10683.8 6.11494 3.27019 7.57482 2.33018e-05 0.155055 67.7446
10783.8 6.11493 3.27019 7.56308 0.0117451 0.153743 67.5402
10883.8 6.11085 3.26762 7.56305 2.31088e-05 0.15374 67.5286
10983.8 6.10682 3.26506 7.56303 2.30746e-05 0.153738 67.3297
11083.8 6.10284 3.26269 7.56301 2.30598e-05 0.153735 67.1195
11183.8 6.0989 3.26026 7.56298 2.30491e-05 0.153732 66.9099
11283.8 6.09501 3.25792 7.56296 2.30112e-05 0.15373 66.7222
11383.8 6.09116 3.25544 7.56294 2.29785e-05 0.153727 66.5337
11483.8 6.08736 3.25308 7.56291 2.29912e-05 0.153725 66.3142
11583.8 6.08735 3.25307 7.55129 0.0116261 0.152422 66.1275
11683.8 6.08359 3.25084 7.55127 2.27743e-05 0.152419 66.1514
11783.8 6.08358 3.25084 7.53976 0.0115096 0.151125 65.9664
11883.8 6.07986 3.24847 7.53973 2.26142e-05 0.151123 65.9555
11983.8 6.07619 3.24632 7.53971 2.26102e-05 0.15112 65.7586
12083.8 6.07256 3.24401 7.53969 2.25824e-05 0.151118 65.5823
12183.8 6.06895 3.24203 7.53967 2.25387e-05 0.151115 65.4187
12283.8 6.06539 3.23973 7.53964 2.25315e-05 0.151113 65.2325
12383.8 6.06186 3.23765 7.53962 2.24846e-05 0.15111 65.0753
12483.8 6.05837 3.23539 7.5396 2.249e-05 0.151108 64.8836
12583.8 6.05491 3.23337 7.53958 2.2446e-05 0.151105 64.7285
12683.8 6.05149 3.23108 7.53955 2.24297e-05 0.151102 64.5565
12783.8 6.0481 3.22915 7.53953 2.24091e-05 0.1511 64.3884
12883.8 6.04809 3.22915 7.52814 0.0113922 0.149815 64.2396
12983.8 6.04809 3.22915 7.51686 0.0112783 0.14854 64.2302
13083.8 6.04474 3.22711 7.51684 2.21386e-05 0.148537 64.2184
13183.8 6.04473 3.22711 7.50567 0.0111653 0.147271 64.0701
13283.8 6.04473 3.22711 7.49462 0.0110536 0.146013 64.0788
13383.8 6.04472 3.22711 7.48368 0.0109431 0.144764 64.0692
13483.8 6.04471 3.22711 7.47284 0.0108337 0.143524 64.06
13583.8 6.04471 3.22709 7.46212 0.0107253 0.142293 64.0511
13683.8 6.0447 3.22709 7.4515 0.0106181 0.141071 64.0772
13783.8 6.04141 3.22522 7.45148 2.13813e-05 0.141069 64.0675
13883.8 6.03815 3.22307 7.45146 2.13824e-05 0.141066 63.8999
13983.8 6.03493 3.22132 7.45143 2.13593e-05 0.141064 63.7505
14083.8 6.03173 3.21931 7.45141 2.1348e-05 0.141061 63.5958
