Radius (Earth Radii) | Density (g cm^-3) | Pressure (Mbar) | Temperature (K) | Mass (Earth Masses)
0	2.897e+01	3.643e+01	5493.873	0.000000
0.0016	2.897e+01	3.643e+01	5493.873	0.000000
0.0031	2.897e+01	3.643e+01	5493.873	0.000000
0.0047	2.897e+01	3.642e+01	5493.873	0.000001
0.0063	2.897e+01	3.642e+01	5493.873	0.000001
0.0078	2.897e+01	3.642e+01	5493.873	0.000003
0.0094	2.897e+01	3.642e+01	5493.873	0.000004
0.0110	2.897e+01	3.642e+01	5493.873	0.000007
0.0126	2.897e+01	3.642e+01	5493.873	0.000010
0.0141	2.896e+01	3.642e+01	5493.873	0.000015
0.0157	2.896e+01	3.641e+01	5493.873	0.000020
0.0173	2.896e+01	3.641e+01	5493.873	0.000027
0.0188	2.896e+01	3.641e+01	5493.873	0.000035
0.0204	2.896e+01	3.641e+01	5493.873	0.000045
0.0220	2.896e+01	3.640e+01	5493.873	0.000056
0.0235	2.896e+01	3.640e+01	5493.873	0.000069
0.0251	2.896e+01	3.640e+01	5493.873	0.000083
0.0267	2.896e+01	3.639e+01	5493.873	0.000100
0.0283	2.896e+01	3.639e+01	5493.873	0.000118
0.0298	2.896e+01	3.638e+01	5493.873	0.000139
0.0314	2.895e+01	3.638e+01	5493.873	0.000162
0.0330	2.895e+01	3.637e+01	5493.873	0.000188
0.0345	2.895e+01	3.637e+01	5493.873	0.000216
0.0361	2.895e+01	3.636e+01	5493.873	0.000247
0.0377	2.895e+01	3.636e+01	5493.873	0.000281
0.0392	2.895e+01	3.635e+01	5493.873	0.000317
0.0408	2.894e+01	3.635e+01	5493.873	0.000357
0.0424	2.894e+01	3.634e+01	5493.873	0.000400
0.0439	2.894e+01	3.633e+01	5493.873	0.000446
0.0455	2.894e+01	3.633e+01	5493.873	0.000495
0.0471	2.894e+01	3.632e+01	5493.873	0.000548
0.0487	2.894e+01	3.631e+01	5493.873	0.000605
0.0502	2.893e+01	3.631e+01	5493.873	0.000665
0.0518	2.893e+01	3.630e+01	5493.873	0.000729
0.0534	2.893e+01	3.629e+01	5493.873	0.000798
0.0549	2.893e+01	3.628e+01	5493.873	0.000870
0.0565	2.892e+01	3.627e+01	5493.873	0.000947
0.0581	2.892e+01	3.627e+01	5493.873	0.001028
0.0596	2.892e+01	3.626e+01	5493.873	0.001113
0.0612	2.892e+01	3.625e+01	5493.873	0.001204
0.0628	2.891e+01	3.624e+01	5493.873	0.001299
0.0644	2.891e+01	3.623e+01	5493.873	0.001398
0.0659	2.891e+01	3.622e+01	5493.873	0.001503
0.0675	2.890e+01	3.621e+01	5493.873	0.001613
0.0691	2.890e+01	3.620e+01	5493.873	0.001728
0.0706	2.890e+01	3.619e+01	5493.873	0.001848
0.0722	2.890e+01	3.618e+01	5493.873	0.001974
0.0738	2.889e+01	3.617e+01	5493.873	0.002106
0.0753	2.889e+01	3.616e+01	5493.873	0.002243
0.0769	2.889e+01	3.614e+01	5493.873	0.002386
0.0785	2.888e+01	3.613e+01	5493.873	0.002535
0.0801	2.888e+01	3.612e+01	5493.873	0.002690
0.0816	2.888e+01	3.611e+01	5493.873	0.002851
0.0832	2.887e+01	3.610e+01	5493.873	0.003018
0.0848	2.887e+01	3.608e+01	5493.873	0.003192
0.0863	2.887e+01	3.607e+01	5493.873	0.003372
0.0879	2.886e+01	3.606e+01	5493.873	0.003559
0.0895	2.886e+01	3.605e+01	5493.873	0.003753
0.0910	2.885e+01	3.603e+01	5493.873	0.003954
0.0926	2.885e+01	3.602e+01	5493.873	0.004162
0.0942	2.885e+01	3.601e+01	5493.873	0.004376
0.0957	2.884e+01	3.599e+01	5493.873	0.004599
0.0973	2.884e+01	3.598e+01	5493.873	0.004828
0.0989	2.883e+01	3.596e+01	5493.873	0.005065
0.1005	2.883e+01	3.595e+01	5493.873	0.005310
0.1020	2.882e+01	3.593e+01	5493.873	0.005562
0.1036	2.882e+01	3.592e+01	5493.873	0.005822
0.1052	2.882e+01	3.590e+01	5493.873	0.006090
0.1067	2.881e+01	3.589e+01	5493.873	0.006366
0.1083	2.881e+01	3.587e+01	5493.873	0.006651
0.1099	2.880e+01	3.585e+01	5493.873	0.006943
0.1114	2.880e+01	3.584e+01	5493.873	0.007244
0.1130	2.879e+01	3.582e+01	5493.873	0.007554
0.1146	2.879e+01	3.580e+01	5493.873	0.007872
0.1162	2.878e+01	3.579e+01	5493.873	0.008200
0.1177	2.878e+01	3.577e+01	5493.873	0.008536
0.1193	2.877e+01	3.575e+01	5493.873	0.008881
0.1209	2.877e+01	3.573e+01	5493.873	0.009235
0.1224	2.876e+01	3.572e+01	5493.873	0.009598
0.1240	2.876e+01	3.570e+01	5493.873	0.009971
0.1256	2.875e+01	3.568e+01	5493.873	0.010353
0.1271	2.875e+01	3.566e+01	5493.873	0.010745
0.1287	2.874e+01	3.564e+01	5493.873	0.011147
0.1303	2.873e+01	3.562e+01	5493.873	0.011558
0.1318	2.873e+01	3.560e+01	5493.873	0.011980
0.1334	2.872e+01	3.558e+01	5493.873	0.012411
0.1350	2.872e+01	3.556e+01	5493.873	0.012853
0.1366	2.871e+01	3.554e+01	5493.873	0.013305
0.1381	2.871e+01	3.552e+01	5493.873	0.013767
0.1397	2.870e+01	3.550e+01	5493.873	0.014240
0.1413	2.869e+01	3.548e+01	5493.873	0.014724
0.1428	2.869e+01	3.546e+01	5493.873	0.015218
0.1444	2.868e+01	3.544e+01	5493.873	0.015723
0.1460	2.867e+01	3.542e+01	5493.873	0.016239
0.1475	2.867e+01	3.540e+01	5493.873	0.016767
0.1491	2.866e+01	3.538e+01	5493.873	0.017305
0.1507	2.866e+01	3.535e+01	5493.873	0.017855
0.1523	2.865e+01	3.533e+01	5493.873	0.018416
0.1538	2.864e+01	3.531e+01	5493.873	0.018989
0.1554	2.864e+01	3.529e+01	5493.873	0.019574
0.1570	2.863e+01	3.526e+01	5493.873	0.020170
0.1585	2.862e+01	3.524e+01	5493.873	0.020778
0.1601	2.862e+01	3.522e+01	5493.873	0.021399
0.1617	2.861e+01	3.519e+01	5493.873	0.022031
0.1632	2.860e+01	3.517e+01	5493.873	0.022676
0.1648	2.859e+01	3.515e+01	5493.873	0.023333
0.1664	2.859e+01	3.512e+01	5493.873	0.024002
0.1679	2.858e+01	3.510e+01	5493.873	0.024684
0.1695	2.857e+01	3.507e+01	5493.873	0.025379
0.1711	2.857e+01	3.505e+01	5493.873	0.026086
0.1727	2.856e+01	3.502e+01	5493.873	0.026807
0.1742	2.855e+01	3.500e+01	5493.873	0.027540
0.1758	2.854e+01	3.497e+01	5493.873	0.028287
0.1774	2.854e+01	3.495e+01	5493.873	0.029047
0.1789	2.853e+01	3.492e+01	5493.873	0.029820
0.1805	2.852e+01	3.489e+01	5493.873	0.030606
0.1821	2.851e+01	3.487e+01	5493.873	0.031407
0.1836	2.850e+01	3.484e+01	5493.873	0.032221
0.1852	2.850e+01	3.481e+01	5493.873	0.033048
0.1868	2.849e+01	3.479e+01	5493.873	0.033890
0.1884	2.848e+01	3.476e+01	5493.873	0.034746
0.1899	2.847e+01	3.473e+01	5493.873	0.035616
0.1915	2.846e+01	3.470e+01	5493.873	0.036500
0.1931	2.846e+01	3.468e+01	5493.873	0.037398
0.1946	2.845e+01	3.465e+01	5493.873	0.038311
0.1962	2.844e+01	3.462e+01	5493.873	0.039238
0.1978	2.843e+01	3.459e+01	5493.873	0.040181
0.1993	2.842e+01	3.456e+01	5493.873	0.041138
0.2009	2.841e+01	3.453e+01	5493.873	0.042109
0.2025	2.840e+01	3.450e+01	5493.873	0.043096
0.2040	2.840e+01	3.447e+01	5493.873	0.044098
0.2056	2.839e+01	3.445e+01	5493.873	0.045115
0.2072	2.838e+01	3.442e+01	5493.873	0.046148
0.2088	2.837e+01	3.439e+01	5493.873	0.047196
0.2103	2.836e+01	3.435e+01	5493.873	0.048259
0.2119	2.835e+01	3.432e+01	5493.873	0.049338
0.2135	2.834e+01	3.429e+01	5493.873	0.050433
0.2150	2.833e+01	3.426e+01	5493.873	0.051544
0.2166	2.832e+01	3.423e+01	5493.873	0.052670
0.2182	2.831e+01	3.420e+01	5493.873	0.053813
0.2197	2.830e+01	3.417e+01	5493.873	0.054972
0.2213	2.830e+01	3.414e+01	5493.873	0.056147
0.2229	2.829e+01	3.411e+01	5493.873	0.057339
0.2245	2.828e+01	3.407e+01	5493.873	0.058547
0.2260	2.827e+01	3.404e+01	5493.873	0.059772
0.2276	2.826e+01	3.401e+01	5493.873	0.061013
0.2292	2.825e+01	3.398e+01	5493.873	0.062271
0.2307	2.824e+01	3.394e+01	5493.873	0.063547
0.2323	2.823e+01	3.391e+01	5493.873	0.064839
0.2339	2.822e+01	3.388e+01	5493.873	0.066148
0.2354	2.821e+01	3.384e+01	5493.873	0.067474
0.2370	2.820e+01	3.381e+01	5493.873	0.068818
0.2386	2.819e+01	3.377e+01	5493.873	0.070179
0.2402	2.818e+01	3.374e+01	5493.873	0.071558
0.2417	2.817e+01	3.371e+01	5493.873	0.072954
0.2433	2.816e+01	3.367e+01	5493.873	0.074369
0.2449	2.815e+01	3.364e+01	5493.873	0.075800
0.2464	2.813e+01	3.360e+01	5493.873	0.077250
0.2480	2.812e+01	3.357e+01	5493.873	0.078718
0.2496	2.811e+01	3.353e+01	5493.873	0.080204
0.2511	2.810e+01	3.349e+01	5493.873	0.081709
0.2527	2.809e+01	3.346e+01	5493.873	0.083231
0.2543	2.808e+01	3.342e+01	5493.873	0.084772
0.2558	2.807e+01	3.339e+01	5493.873	0.086332
0.2574	2.806e+01	3.335e+01	5493.873	0.087910
0.2590	2.805e+01	3.331e+01	5493.873	0.089507
0.2606	2.804e+01	3.328e+01	5493.873	0.091123
0.2621	2.803e+01	3.324e+01	5493.873	0.092758
0.2637	2.801e+01	3.320e+01	5493.873	0.094411
0.2653	2.800e+01	3.316e+01	5493.873	0.096084
0.2668	2.799e+01	3.313e+01	5493.873	0.097776
0.2684	2.798e+01	3.309e+01	5493.873	0.099488
0.2700	2.797e+01	3.305e+01	5493.873	0.101219
0.2715	2.796e+01	3.301e+01	5493.873	0.102969
0.2731	2.795e+01	3.297e+01	5493.873	0.104739
0.2747	2.793e+01	3.294e+01	5493.873	0.106529
0.2763	2.792e+01	3.290e+01	5493.873	0.108338
0.2778	2.791e+01	3.286e+01	5493.873	0.110168
0.2794	2.790e+01	3.282e+01	5493.873	0.112017
0.2810	2.789e+01	3.278e+01	5493.873	0.113887
0.2825	2.787e+01	3.274e+01	5493.873	0.115777
0.2841	2.786e+01	3.270e+01	5493.873	0.117687
0.2857	2.785e+01	3.266e+01	5493.873	0.119617
0.2872	2.784e+01	3.262e+01	5493.873	0.121568
0.2888	2.783e+01	3.258e+01	5493.873	0.123539
0.2904	2.781e+01	3.254e+01	5493.873	0.125531
0.2919	2.780e+01	3.250e+01	5493.873	0.127544
0.2935	2.779e+01	3.246e+01	5493.873	0.129578
0.2951	2.778e+01	3.242e+01	5493.873	0.131633
0.2967	2.776e+01	3.237e+01	5493.873	0.133708
0.2982	2.775e+01	3.233e+01	5493.873	0.135805
0.2998	2.774e+01	3.229e+01	5493.873	0.137923
0.3014	2.772e+01	3.225e+01	5493.873	0.140062
0.3029	2.771e+01	3.221e+01	5493.873	0.142223
0.3045	2.770e+01	3.216e+01	5493.873	0.144405
0.3061	2.769e+01	3.212e+01	5493.873	0.146609
0.3076	2.767e+01	3.208e+01	5493.873	0.148834
0.3092	2.766e+01	3.204e+01	5493.873	0.151081
0.3108	2.765e+01	3.199e+01	5493.873	0.153351
0.3124	2.763e+01	3.195e+01	5493.873	0.155641
0.3139	2.762e+01	3.191e+01	5493.873	0.157954
0.3155	2.761e+01	3.186e+01	5493.873	0.160290
0.3171	2.759e+01	3.182e+01	5493.873	0.162647
0.3186	2.758e+01	3.178e+01	5493.873	0.165026
0.3202	2.756e+01	3.173e+01	5493.873	0.167428
0.3218	2.755e+01	3.169e+01	5493.873	0.169853
0.3233	2.754e+01	3.164e+01	5493.873	0.172300
0.3249	2.752e+01	3.160e+01	5493.873	0.174769
0.3265	2.751e+01	3.155e+01	5493.873	0.177262
0.3280	2.750e+01	3.151e+01	5493.873	0.179777
0.3296	2.748e+01	3.146e+01	5493.873	0.182315
0.3312	2.747e+01	3.142e+01	5493.873	0.184876
0.3328	2.745e+01	3.137e+01	5493.873	0.187460
0.3343	2.744e+01	3.133e+01	5493.873	0.190067
0.3359	2.742e+01	3.128e+01	5493.873	0.192697
0.3375	2.741e+01	3.123e+01	5493.873	0.195351
0.3390	2.740e+01	3.119e+01	5493.873	0.198028
0.3406	2.738e+01	3.114e+01	5493.873	0.200729
0.3422	2.737e+01	3.110e+01	5493.873	0.203453
0.3437	2.735e+01	3.105e+01	5493.873	0.206201
0.3453	2.734e+01	3.100e+01	5493.873	0.208972
0.3469	2.732e+01	3.095e+01	5493.873	0.211768
0.3485	2.731e+01	3.091e+01	5493.873	0.214587
0.3500	2.729e+01	3.086e+01	5493.873	0.217430
0.3516	2.728e+01	3.081e+01	5493.873	0.220297
0.3532	2.726e+01	3.076e+01	5493.873	0.223189
0.3547	2.725e+01	3.072e+01	5493.873	0.226104
0.3563	2.723e+01	3.067e+01	5493.873	0.229044
0.3579	2.722e+01	3.062e+01	5493.873	0.232008
0.3594	2.720e+01	3.057e+01	5493.873	0.234997
0.3610	2.719e+01	3.052e+01	5493.873	0.238010
0.3626	2.717e+01	3.047e+01	5493.873	0.241048
0.3642	2.716e+01	3.042e+01	5493.873	0.244110
0.3657	2.714e+01	3.038e+01	5493.873	0.247198
0.3673	2.712e+01	3.033e+01	5493.873	0.250310
0.3689	2.711e+01	3.028e+01	5493.873	0.253446
0.3704	2.709e+01	3.023e+01	5493.873	0.256608
0.3720	2.708e+01	3.018e+01	5493.873	0.259795
0.3736	2.706e+01	3.013e+01	5493.873	0.263007
0.3751	2.705e+01	3.008e+01	5493.873	0.266245
0.3767	2.703e+01	3.003e+01	5493.873	0.269507
0.3783	2.701e+01	2.998e+01	5493.873	0.272795
0.3798	2.700e+01	2.993e+01	5493.873	0.276108
0.3814	2.698e+01	2.987e+01	5493.873	0.279447
0.3830	2.697e+01	2.982e+01	5493.873	0.282812
0.3846	2.695e+01	2.977e+01	5493.873	0.286202
0.3861	2.693e+01	2.972e+01	5493.873	0.289617
0.3877	2.692e+01	2.967e+01	5493.873	0.293059
0.3893	2.690e+01	2.962e+01	5493.873	0.296526
0.3908	2.688e+01	2.957e+01	5493.873	0.300020
0.3924	2.687e+01	2.951e+01	5493.873	0.303539
0.3940	2.685e+01	2.946e+01	5493.873	0.307084
0.3955	2.683e+01	2.941e+01	5493.873	0.310656
0.3971	2.682e+01	2.936e+01	5493.873	0.314254
0.3987	2.680e+01	2.930e+01	5493.873	0.317878
0.4003	2.678e+01	2.925e+01	5493.873	0.321528
0.4018	2.676e+01	2.920e+01	5493.873	0.325205
0.4034	2.675e+01	2.915e+01	5493.873	0.328908
0.4050	2.673e+01	2.909e+01	5493.873	0.332637
0.4065	2.671e+01	2.904e+01	5493.873	0.336394
0.4081	2.670e+01	2.899e+01	5493.873	0.340177
0.4097	2.668e+01	2.893e+01	5493.873	0.343987
0.4112	2.666e+01	2.888e+01	5493.873	0.347823
0.4128	2.664e+01	2.882e+01	5493.873	0.351687
0.4144	2.663e+01	2.877e+01	5493.873	0.355577
0.4159	2.661e+01	2.872e+01	5493.873	0.359494
0.4175	2.659e+01	2.866e+01	5493.873	0.363439
0.4191	2.657e+01	2.861e+01	5493.873	0.367410
0.4207	2.656e+01	2.855e+01	5493.873	0.371409
0.4222	2.654e+01	2.850e+01	5493.873	0.375435
0.4238	2.652e+01	2.844e+01	5493.873	0.379488
0.4254	2.650e+01	2.839e+01	5493.873	0.383569
0.4269	2.648e+01	2.833e+01	5493.873	0.387677
0.4285	2.647e+01	2.828e+01	5493.873	0.391812
0.4301	2.645e+01	2.822e+01	5493.873	0.395976
0.4316	2.643e+01	2.817e+01	5493.873	0.400166
0.4332	2.641e+01	2.811e+01	5493.873	0.404385
0.4348	2.639e+01	2.805e+01	5493.873	0.408631
0.4364	2.637e+01	2.800e+01	5493.873	0.412905
0.4379	2.636e+01	2.794e+01	5493.873	0.417206
0.4395	2.634e+01	2.789e+01	5493.873	0.421536
0.4411	2.632e+01	2.783e+01	5493.873	0.425894
0.4426	2.630e+01	2.777e+01	5493.873	0.430279
0.4442	2.628e+01	2.772e+01	5493.873	0.434693
0.4458	2.626e+01	2.766e+01	5493.873	0.439135
0.4473	2.624e+01	2.760e+01	5493.873	0.443604
0.4489	2.622e+01	2.754e+01	5493.873	0.448103
0.4505	2.620e+01	2.749e+01	5493.873	0.452629
0.4520	2.619e+01	2.743e+01	5493.873	0.457184
0.4536	2.617e+01	2.737e+01	5493.873	0.461767
0.4552	2.615e+01	2.731e+01	5493.873	0.466379
0.4568	2.613e+01	2.726e+01	5493.873	0.471019
0.4583	2.611e+01	2.720e+01	5493.873	0.475687
0.4599	2.609e+01	2.714e+01	5493.873	0.480385
0.4615	2.607e+01	2.708e+01	5493.873	0.485111
0.4630	2.605e+01	2.702e+01	5493.873	0.489865
0.4646	2.603e+01	2.696e+01	5493.873	0.494648
0.4662	2.601e+01	2.691e+01	5493.873	0.499461
0.4677	2.599e+01	2.685e+01	5493.873	0.504302
0.4693	2.597e+01	2.679e+01	5493.873	0.509171
0.4709	2.595e+01	2.673e+01	5493.873	0.514070
0.4725	2.593e+01	2.667e+01	5493.873	0.518998
0.4740	2.591e+01	2.661e+01	5493.873	0.523955
0.4756	2.589e+01	2.655e+01	5493.873	0.528941
0.4772	2.587e+01	2.649e+01	5493.873	0.533956
0.4787	2.585e+01	2.643e+01	5493.873	0.539000
0.4803	2.583e+01	2.637e+01	5493.873	0.544073
0.4819	2.581e+01	2.631e+01	5493.873	0.549176
0.4834	2.579e+01	2.625e+01	5493.873	0.554308
0.4850	2.577e+01	2.619e+01	5493.873	0.559469
0.4866	2.575e+01	2.613e+01	5493.873	0.564660
0.4881	2.573e+01	2.607e+01	5493.873	0.569880
0.4897	2.571e+01	2.601e+01	5493.873	0.575129
0.4913	2.569e+01	2.595e+01	5493.873	0.580409
0.4929	2.567e+01	2.589e+01	5493.873	0.585717
0.4944	2.565e+01	2.583e+01	5493.873	0.591055
0.4960	2.562e+01	2.577e+01	5493.873	0.596423
0.4976	2.560e+01	2.571e+01	5493.873	0.601821
0.4991	2.558e+01	2.565e+01	5493.873	0.607248
0.5007	2.556e+01	2.558e+01	5493.873	0.612705
0.5023	2.554e+01	2.552e+01	5493.873	0.618192
0.5038	2.552e+01	2.546e+01	5493.873	0.623708
0.5054	2.550e+01	2.540e+01	5493.873	0.629255
0.5070	2.548e+01	2.534e+01	5493.873	0.634831
0.5086	2.545e+01	2.528e+01	5493.873	0.640437
0.5101	2.543e+01	2.521e+01	5493.873	0.646073
0.5117	2.541e+01	2.515e+01	5493.873	0.651739
0.5133	2.539e+01	2.509e+01	5493.873	0.657436
0.5148	2.537e+01	2.503e+01	5493.873	0.663162
0.5164	2.535e+01	2.497e+01	5493.873	0.668918
0.5180	2.532e+01	2.490e+01	5493.873	0.674705
0.5195	2.530e+01	2.484e+01	5493.873	0.680521
0.5211	2.528e+01	2.478e+01	5493.873	0.686368
0.5227	2.526e+01	2.471e+01	5493.873	0.692245
0.5243	2.524e+01	2.465e+01	5493.873	0.698152
0.5258	2.521e+01	2.459e+01	5493.873	0.704090
0.5274	2.519e+01	2.453e+01	5493.873	0.710058
0.5290	2.517e+01	2.446e+01	5493.873	0.716056
0.5305	2.515e+01	2.440e+01	5493.873	0.722085
0.5321	2.513e+01	2.434e+01	5493.873	0.728144
0.5337	2.510e+01	2.427e+01	5493.873	0.734233
0.5352	2.508e+01	2.421e+01	5493.873	0.740353
0.5368	2.506e+01	2.415e+01	5493.873	0.746503
0.5384	2.504e+01	2.408e+01	5493.873	0.752684
0.5399	2.501e+01	2.402e+01	5493.873	0.758895
0.5415	2.499e+01	2.395e+01	5493.873	0.765137
0.5431	2.497e+01	2.389e+01	5493.873	0.771409
0.5447	2.494e+01	2.383e+01	5493.873	0.777712
0.5462	2.492e+01	2.376e+01	5493.873	0.784046
0.5478	2.490e+01	2.370e+01	5493.873	0.790410
0.5494	2.487e+01	2.363e+01	5493.873	0.796805
0.5509	2.485e+01	2.357e+01	5493.873	0.803230
0.5525	2.483e+01	2.350e+01	5493.873	0.809686
0.5541	2.481e+01	2.344e+01	5493.873	0.816173
0.5556	2.478e+01	2.337e+01	5493.873	0.822691
0.5572	2.476e+01	2.331e+01	5493.873	0.829239
0.5588	2.473e+01	2.324e+01	5493.873	0.835818
0.5604	2.471e+01	2.318e+01	5493.873	0.842428
0.5619	2.469e+01	2.311e+01	5493.873	0.849069
0.5635	2.466e+01	2.305e+01	5493.873	0.855741
0.5651	2.464e+01	2.298e+01	5493.873	0.862443
0.5666	2.462e+01	2.292e+01	5493.873	0.869176
0.5682	2.459e+01	2.285e+01	5493.873	0.875940
0.5698	2.457e+01	2.279e+01	5493.873	0.882735
0.5713	2.454e+01	2.272e+01	5493.873	0.889561
0.5729	2.452e+01	2.265e+01	5493.873	0.896417
0.5745	2.450e+01	2.259e+01	5493.873	0.903305
0.5760	2.447e+01	2.252e+01	5493.873	0.910223
0.5776	2.445e+01	2.246e+01	5493.873	0.917173
0.5792	2.442e+01	2.239e+01	5493.873	0.924153
0.5808	2.440e+01	2.232e+01	5493.873	0.931164
0.5823	2.437e+01	2.226e+01	5493.873	0.938207
0.5839	2.435e+01	2.219e+01	5493.873	0.945280
0.5855	2.433e+01	2.213e+01	5493.873	0.952384
0.5870	2.430e+01	2.206e+01	5493.873	0.959519
0.5886	2.428e+01	2.199e+01	5493.873	0.966685
0.5902	2.425e+01	2.193e+01	5493.873	0.973882
0.5917	2.423e+01	2.186e+01	5493.873	0.981110
0.5933	2.420e+01	2.179e+01	5493.873	0.988369
0.5949	2.418e+01	2.173e+01	5493.873	0.995659
0.5965	2.415e+01	2.166e+01	5493.873	1.002980
0.5980	2.413e+01	2.159e+01	5493.873	1.010332
0.5996	2.410e+01	2.153e+01	5493.873	1.017715
0.6012	2.408e+01	2.146e+01	5493.873	1.025129
0.6027	2.405e+01	2.139e+01	5493.873	1.032574
0.6043	2.403e+01	2.132e+01	5493.873	1.040050
0.6059	2.400e+01	2.126e+01	5493.873	1.047557
0.6074	2.397e+01	2.119e+01	5493.873	1.055095
0.6090	2.395e+01	2.112e+01	5493.873	1.062664
0.6106	2.392e+01	2.105e+01	5493.873	1.070264
0.6121	2.390e+01	2.099e+01	5493.873	1.077895
0.6137	2.387e+01	2.092e+01	5493.873	1.085557
0.6153	2.385e+01	2.085e+01	5493.873	1.093250
0.6169	2.382e+01	2.078e+01	5493.873	1.100974
0.6184	2.379e+01	2.072e+01	5493.873	1.108729
0.6200	2.377e+01	2.065e+01	5493.873	1.116515
0.6216	2.374e+01	2.058e+01	5493.873	1.124332
0.6231	2.372e+01	2.051e+01	5493.873	1.132180
0.6247	2.369e+01	2.045e+01	5493.873	1.140058
0.6263	2.366e+01	2.038e+01	5493.873	1.147968
0.6278	2.364e+01	2.031e+01	5493.873	1.155908
0.6294	2.361e+01	2.024e+01	5493.873	1.163880
0.6310	2.358e+01	2.017e+01	5493.873	1.171882
0.6326	2.356e+01	2.010e+01	5493.873	1.179915
0.6341	2.353e+01	2.004e+01	5493.873	1.187979
0.6357	2.350e+01	1.997e+01	5493.873	1.196074
0.6373	2.348e+01	1.990e+01	5493.873	1.204200
0.6388	2.345e+01	1.983e+01	5493.873	1.212357
0.6404	2.342e+01	1.976e+01	5493.873	1.220544
0.6420	2.340e+01	1.969e+01	5493.873	1.228762
0.6435	2.337e+01	1.963e+01	5493.873	1.237011
0.6451	2.334e+01	1.956e+01	5493.873	1.245291
0.6467	2.332e+01	1.949e+01	5493.873	1.253601
0.6482	2.329e+01	1.942e+01	5493.873	1.261943
0.6498	2.326e+01	1.935e+01	5493.873	1.270314
0.6514	2.323e+01	1.928e+01	5493.873	1.278717
0.6530	2.321e+01	1.921e+01	5493.873	1.287150
0.6545	2.318e+01	1.914e+01	5493.873	1.295614
0.6561	2.315e+01	1.908e+01	5493.873	1.304108
0.6577	2.312e+01	1.901e+01	5493.873	1.312633
0.6592	2.310e+01	1.894e+01	5493.873	1.321189
0.6608	2.307e+01	1.887e+01	5493.873	1.329775
0.6624	2.304e+01	1.880e+01	5493.873	1.338392
0.6639	2.301e+01	1.873e+01	5493.873	1.347039
0.6655	2.299e+01	1.866e+01	5493.873	1.355717
0.6671	2.296e+01	1.859e+01	5493.873	1.364425
0.6687	2.293e+01	1.852e+01	5493.873	1.373163
0.6702	2.290e+01	1.845e+01	5493.873	1.381932
0.6718	2.287e+01	1.839e+01	5493.873	1.390731
0.6734	2.284e+01	1.832e+01	5493.873	1.399561
0.6749	2.282e+01	1.825e+01	5493.873	1.408420
0.6765	2.279e+01	1.818e+01	5493.873	1.417310
0.6781	2.276e+01	1.811e+01	5493.873	1.426231
0.6796	2.273e+01	1.804e+01	5493.873	1.435181
0.6812	2.270e+01	1.797e+01	5493.873	1.444162
0.6828	2.267e+01	1.790e+01	5493.873	1.453172
0.6844	2.265e+01	1.783e+01	5493.873	1.462213
0.6859	2.262e+01	1.776e+01	5493.873	1.471284
0.6875	2.259e+01	1.769e+01	5493.873	1.480385
0.6891	2.256e+01	1.762e+01	5493.873	1.489515
0.6906	2.253e+01	1.755e+01	5493.873	1.498676
0.6922	2.250e+01	1.748e+01	5493.873	1.507867
0.6938	2.247e+01	1.741e+01	5493.873	1.517087
0.6953	2.244e+01	1.734e+01	5493.873	1.526337
0.6969	2.241e+01	1.727e+01	5493.873	1.535617
0.6985	2.238e+01	1.720e+01	5493.873	1.544927
0.7000	2.235e+01	1.713e+01	5493.873	1.554266
0.7016	2.232e+01	1.707e+01	5493.873	1.563635
0.7032	2.230e+01	1.700e+01	5493.873	1.573034
0.7048	2.227e+01	1.693e+01	5493.873	1.582462
0.7063	2.224e+01	1.686e+01	5493.873	1.591920
0.7079	2.221e+01	1.679e+01	5493.873	1.601407
0.7095	2.218e+01	1.672e+01	5493.873	1.610923
0.7110	2.215e+01	1.665e+01	5493.873	1.620469
0.7126	2.212e+01	1.658e+01	5493.873	1.630044
0.7142	2.209e+01	1.651e+01	5493.873	1.639648
0.7157	2.206e+01	1.644e+01	5493.873	1.649282
0.7173	2.203e+01	1.637e+01	5493.873	1.658945
0.7189	2.200e+01	1.630e+01	5493.873	1.668636
0.7205	2.197e+01	1.623e+01	5493.873	1.678357
0.7220	2.194e+01	1.616e+01	5493.873	1.688107
0.7236	2.191e+01	1.609e+01	5493.873	1.697886
0.7252	2.187e+01	1.602e+01	5493.873	1.707693
0.7267	2.184e+01	1.595e+01	5493.873	1.717530
0.7283	2.181e+01	1.588e+01	5493.873	1.727395
0.7299	2.178e+01	1.581e+01	5493.873	1.737289
0.7314	2.175e+01	1.574e+01	5493.873	1.747211
0.7330	2.172e+01	1.567e+01	5493.873	1.757162
0.7346	2.169e+01	1.560e+01	5493.873	1.767142
0.7361	2.166e+01	1.553e+01	5493.873	1.777150
0.7377	2.163e+01	1.546e+01	5493.873	1.787186
0.7393	2.160e+01	1.539e+01	5493.873	1.797251
0.7409	2.157e+01	1.532e+01	5493.873	1.807344
0.7424	2.153e+01	1.525e+01	5493.873	1.817465
0.7440	2.150e+01	1.518e+01	5493.873	1.827614
0.7456	2.147e+01	1.511e+01	5493.873	1.837791
0.7471	2.144e+01	1.504e+01	5493.873	1.847997
0.7487	2.141e+01	1.497e+01	5493.873	1.858230
0.7503	2.138e+01	1.490e+01	5493.873	1.868491
0.7518	2.135e+01	1.483e+01	5493.873	1.878780
0.7534	2.131e+01	1.476e+01	5493.873	1.889096
0.7550	2.128e+01	1.469e+01	5493.873	1.899440
0.7566	2.125e+01	1.462e+01	5493.873	1.909812
0.7581	2.122e+01	1.455e+01	5493.873	1.920211
0.7597	2.119e+01	1.449e+01	5493.873	1.930638
0.7613	2.115e+01	1.442e+01	5493.873	1.941092
0.7628	2.112e+01	1.435e+01	5493.873	1.951573
0.7644	2.109e+01	1.428e+01	5493.873	1.962081
0.7660	2.106e+01	1.421e+01	5493.873	1.972617
0.7675	2.102e+01	1.414e+01	5493.873	1.983179
0.7691	2.099e+01	1.407e+01	5493.873	1.993768
0.7707	2.096e+01	1.400e+01	5493.873	2.004384
0.7722	2.093e+01	1.393e+01	5493.873	2.015027
0.7738	2.089e+01	1.386e+01	5493.873	2.025697
0.7754	2.086e+01	1.379e+01	5493.873	2.036393
0.7770	2.083e+01	1.372e+01	5493.873	2.047116
0.7785	2.080e+01	1.365e+01	5493.873	2.057865
0.7801	2.076e+01	1.358e+01	5493.873	2.068640
0.7817	2.073e+01	1.351e+01	5493.873	2.079442
0.7832	2.070e+01	1.344e+01	5493.873	2.090270
0.7848	2.066e+01	1.337e+01	5493.873	2.101124
0.7864	2.063e+01	1.330e+01	5493.873	2.112004
0.7879	2.060e+01	1.324e+01	5493.873	2.122909
0.7895	2.056e+01	1.317e+01	5493.873	2.133841
0.7911	2.053e+01	1.310e+01	5493.873	2.144798
0.7927	2.050e+01	1.303e+01	5493.873	2.155781
0.7942	2.046e+01	1.296e+01	5493.873	2.166789
0.7958	2.043e+01	1.289e+01	5493.873	2.177823
0.7974	2.039e+01	1.282e+01	5493.873	2.188882
0.7989	2.036e+01	1.275e+01	5493.873	2.199966
0.8005	2.033e+01	1.268e+01	5493.873	2.211075
0.8021	2.029e+01	1.261e+01	5493.873	2.222209
0.8036	2.026e+01	1.255e+01	5493.873	2.233368
0.8052	2.022e+01	1.248e+01	5493.873	2.244552
0.8068	2.019e+01	1.241e+01	5493.873	2.255761
0.8084	2.016e+01	1.234e+01	5493.873	2.266994
0.8099	2.012e+01	1.227e+01	5493.873	2.278251
0.8115	2.009e+01	1.220e+01	5493.873	2.289533
0.8131	2.005e+01	1.213e+01	5493.873	2.300839
0.8146	2.002e+01	1.207e+01	5493.873	2.312170
0.8162	1.998e+01	1.200e+01	5493.873	2.323524
0.8178	1.995e+01	1.193e+01	5493.873	2.334902
0.8193	1.033e+01	1.188e+01	5493.873	2.343283
0.8209	1.031e+01	1.184e+01	5493.873	2.349210
0.8225	1.030e+01	1.181e+01	5493.873	2.355152
0.8240	1.029e+01	1.177e+01	5493.873	2.361111
0.8256	1.028e+01	1.174e+01	5493.873	2.367086
0.8272	1.027e+01	1.170e+01	5493.873	2.373077
0.8288	1.026e+01	1.167e+01	5493.873	2.379084
0.8303	1.024e+01	1.163e+01	5493.873	2.385106
0.8319	1.023e+01	1.160e+01	5493.873	2.391145
0.8335	1.022e+01	1.156e+01	5493.873	2.397200
0.8350	1.021e+01	1.153e+01	5493.873	2.403271
0.8366	1.020e+01	1.149e+01	5493.873	2.409358
0.8382	1.019e+01	1.146e+01	5493.873	2.415461
0.8397	1.018e+01	1.142e+01	5493.873	2.421579
0.8413	1.016e+01	1.139e+01	5493.873	2.427714
0.8429	1.015e+01	1.136e+01	5493.873	2.433865
0.8445	1.014e+01	1.132e+01	5493.873	2.440032
0.8460	1.013e+01	1.129e+01	5493.873	2.446215
0.8476	1.012e+01	1.125e+01	5493.873	2.452414
0.8492	1.011e+01	1.122e+01	5493.873	2.458629
0.8507	1.010e+01	1.119e+01	5493.873	2.464860
0.8523	1.008e+01	1.115e+01	5493.873	2.471107
0.8539	1.007e+01	1.112e+01	5493.873	2.477369
0.8554	1.006e+01	1.109e+01	5493.873	2.483648
0.8570	1.005e+01	1.105e+01	5493.873	2.489943
0.8586	1.004e+01	1.102e+01	5493.873	2.496254
0.8601	1.003e+01	1.099e+01	5493.873	2.502581
0.8617	1.002e+01	1.095e+01	5493.873	2.508924
0.8633	1.001e+01	1.092e+01	5493.873	2.515283
0.8649	9.994e+00	1.089e+01	5493.873	2.521657
0.8664	9.983e+00	1.085e+01	5493.873	2.528048
0.8680	9.971e+00	1.082e+01	5493.873	2.534455
0.8696	9.960e+00	1.079e+01	5493.873	2.540878
0.8711	9.949e+00	1.075e+01	5493.873	2.547316
0.8727	9.938e+00	1.072e+01	5493.873	2.553771
0.8743	9.926e+00	1.069e+01	5493.873	2.560242
0.8758	9.915e+00	1.066e+01	5493.873	2.566728
0.8774	9.904e+00	1.062e+01	5493.873	2.573231
0.8790	9.893e+00	1.059e+01	5493.873	2.579749
0.8806	9.882e+00	1.056e+01	5493.873	2.586284
0.8821	9.871e+00	1.053e+01	5493.873	2.592834
0.8837	9.859e+00	1.049e+01	5493.873	2.599400
0.8853	9.848e+00	1.046e+01	5493.873	2.605982
0.8868	9.837e+00	1.043e+01	5493.873	2.612580
0.8884	9.826e+00	1.040e+01	5493.873	2.619194
0.8900	9.815e+00	1.037e+01	5493.873	2.625824
0.8915	9.804e+00	1.033e+01	5493.873	2.632470
0.8931	9.793e+00	1.030e+01	5493.873	2.639132
0.8947	9.782e+00	1.027e+01	5493.873	2.645810
0.8962	9.771e+00	1.024e+01	5493.873	2.652503
0.8978	9.760e+00	1.021e+01	5493.873	2.659213
0.8994	9.749e+00	1.017e+01	5493.873	2.665938
0.9010	9.738e+00	1.014e+01	5493.873	2.672679
0.9025	9.727e+00	1.011e+01	5493.873	2.679436
0.9041	9.715e+00	1.008e+01	5493.873	2.686209
0.9057	9.704e+00	1.005e+01	5493.873	2.692998
0.9072	9.693e+00	1.002e+01	5493.873	2.699802
0.9088	9.682e+00	9.987e+00	5493.873	2.706623
0.9104	9.671e+00	9.955e+00	5493.873	2.713459
0.9119	9.661e+00	9.924e+00	5493.873	2.720311
0.9135	9.650e+00	9.893e+00	5493.873	2.727179
0.9151	9.639e+00	9.862e+00	5493.873	2.734063
0.9167	9.628e+00	9.832e+00	5493.873	2.740962
0.9182	9.617e+00	9.801e+00	5493.873	2.747878
0.9198	9.606e+00	9.770e+00	5493.873	2.754809
0.9214	9.595e+00	9.739e+00	5493.873	2.761756
0.9229	9.584e+00	9.709e+00	5493.873	2.768719
0.9245	9.573e+00	9.678e+00	5493.873	2.775697
0.9261	9.562e+00	9.648e+00	5493.873	2.782691
0.9276	9.551e+00	9.617e+00	5493.873	2.789701
0.9292	9.540e+00	9.587e+00	5493.873	2.796727
0.9308	9.529e+00	9.556e+00	5493.873	2.803769
0.9323	9.519e+00	9.526e+00	5493.873	2.810826
0.9339	9.508e+00	9.496e+00	5493.873	2.817899
0.9355	9.497e+00	9.466e+00	5493.873	2.824987
0.9371	9.486e+00	9.436e+00	5493.873	2.832092
0.9386	9.475e+00	9.406e+00	5493.873	2.839212
0.9402	9.464e+00	9.376e+00	5493.873	2.846347
0.9418	9.453e+00	9.346e+00	5493.873	2.853499
0.9433	9.443e+00	9.316e+00	5493.873	2.860666
0.9449	9.432e+00	9.286e+00	5493.873	2.867848
0.9465	9.421e+00	9.256e+00	5493.873	2.875047
0.9480	9.410e+00	9.227e+00	5493.873	2.882261
0.9496	9.399e+00	9.197e+00	5493.873	2.889490
0.9512	9.389e+00	9.168e+00	5493.873	2.896736
0.9528	9.378e+00	9.138e+00	5493.873	2.903996
0.9543	9.367e+00	9.109e+00	5493.873	2.911273
0.9559	9.356e+00	9.079e+00	5493.873	2.918565
0.9575	9.345e+00	9.050e+00	5493.873	2.925872
0.9590	9.335e+00	9.021e+00	5493.873	2.933195
0.9606	9.324e+00	8.992e+00	5493.873	2.940534
0.9622	9.313e+00	8.962e+00	5493.873	2.947888
0.9637	9.302e+00	8.933e+00	5493.873	2.955258
0.9653	9.292e+00	8.904e+00	5493.873	2.962643
0.9669	9.281e+00	8.875e+00	5493.873	2.970044
0.9685	9.270e+00	8.846e+00	5493.873	2.977460
0.9700	9.260e+00	8.817e+00	5493.873	2.984892
0.9716	9.249e+00	8.789e+00	5493.873	2.992339
0.9732	9.238e+00	8.760e+00	5493.873	2.999802
0.9747	9.227e+00	8.731e+00	5493.873	3.007280
0.9763	9.217e+00	8.702e+00	5493.873	3.014773
0.9779	9.206e+00	8.674e+00	5493.873	3.022282
0.9794	9.195e+00	8.645e+00	5493.873	3.029807
0.9810	9.185e+00	8.617e+00	5493.873	3.037346
0.9826	9.174e+00	8.588e+00	5493.873	3.044901
0.9841	9.163e+00	8.560e+00	5493.873	3.052472
0.9857	9.153e+00	8.532e+00	5493.873	3.060058
0.9873	9.142e+00	8.503e+00	5493.873	3.067659
0.9889	9.131e+00	8.475e+00	5493.873	3.075275
0.9904	9.121e+00	8.447e+00	5493.873	3.082907
0.9920	9.110e+00	8.419e+00	5493.873	3.090554
0.9936	9.099e+00	8.391e+00	5493.873	3.098217
0.9951	9.089e+00	8.363e+00	5493.873	3.105894
0.9967	9.078e+00	8.335e+00	5493.873	3.113587
0.9983	9.068e+00	8.307e+00	5493.873	3.121295
0.9998	9.057e+00	8.279e+00	5493.873	3.129019
1.0014	9.046e+00	8.251e+00	5493.873	3.136757
1.0030	9.036e+00	8.223e+00	5493.873	3.144511
1.0046	9.025e+00	8.196e+00	5493.873	3.152280
1.0061	9.014e+00	8.168e+00	5493.873	3.160064
1.0077	9.004e+00	8.140e+00	5493.873	3.167863
1.0093	8.993e+00	8.113e+00	5493.873	3.175678
1.0108	8.983e+00	8.085e+00	5493.873	3.183507
1.0124	8.972e+00	8.058e+00	5493.873	3.191352
1.0140	8.962e+00	8.030e+00	5493.873	3.199211
1.0155	8.951e+00	8.003e+00	5493.873	3.207086
1.0171	8.940e+00	7.976e+00	5493.873	3.214976
1.0187	8.930e+00	7.948e+00	5493.873	3.222881
1.0202	8.919e+00	7.921e+00	5493.873	3.230801
1.0218	8.909e+00	7.894e+00	5493.873	3.238736
1.0234	8.898e+00	7.867e+00	5493.873	3.246685
1.0250	8.888e+00	7.840e+00	5493.873	3.254650
1.0265	8.877e+00	7.813e+00	5493.873	3.262630
1.0281	8.867e+00	7.786e+00	5493.873	3.270625
1.0297	8.856e+00	7.759e+00	5493.873	3.278635
1.0312	8.845e+00	7.732e+00	5493.873	3.286659
1.0328	8.835e+00	7.705e+00	5493.873	3.294699
1.0344	8.824e+00	7.678e+00	5493.873	3.302753
1.0359	8.814e+00	7.652e+00	5493.873	3.310822
1.0375	8.803e+00	7.625e+00	5493.873	3.318906
1.0391	8.793e+00	7.598e+00	5493.873	3.327005
1.0407	8.782e+00	7.572e+00	5493.873	3.335118
1.0422	8.772e+00	7.545e+00	5493.873	3.343247
1.0438	8.761e+00	7.519e+00	5493.873	3.351390
1.0454	8.751e+00	7.492e+00	5493.873	3.359548
1.0469	8.740e+00	7.466e+00	5493.873	3.367720
1.0485	8.730e+00	7.440e+00	5493.873	3.375908
1.0501	8.719e+00	7.413e+00	5493.873	3.384109
1.0516	8.709e+00	7.387e+00	5493.873	3.392326
1.0532	8.698e+00	7.361e+00	5493.873	3.400557
1.0548	8.688e+00	7.335e+00	5493.873	3.408803
1.0563	8.677e+00	7.308e+00	5493.873	3.417064
1.0579	8.667e+00	7.282e+00	5493.873	3.425339
1.0595	8.656e+00	7.256e+00	5493.873	3.433628
1.0611	8.646e+00	7.230e+00	5493.873	3.441932
1.0626	8.635e+00	7.204e+00	5493.873	3.450251
1.0642	8.625e+00	7.179e+00	5493.873	3.458584
1.0658	8.614e+00	7.153e+00	5493.873	3.466932
1.0673	8.604e+00	7.127e+00	5493.873	3.475294
1.0689	8.593e+00	7.101e+00	5493.873	3.483670
1.0705	8.583e+00	7.075e+00	5493.873	3.492061
1.0720	8.573e+00	7.050e+00	5493.873	3.500467
1.0736	8.562e+00	7.024e+00	5493.873	3.508886
1.0752	8.552e+00	6.999e+00	5493.873	3.517320
1.0768	8.541e+00	6.973e+00	5493.873	3.525769
1.0783	8.531e+00	6.947e+00	5493.873	3.534231
1.0799	8.520e+00	6.922e+00	5493.873	3.542708
1.0815	8.510e+00	6.897e+00	5493.873	3.551200
1.0830	8.499e+00	6.871e+00	5493.873	3.559705
1.0846	8.489e+00	6.846e+00	5493.873	3.568225
1.0862	8.478e+00	6.821e+00	5493.873	3.576758
1.0877	8.468e+00	6.795e+00	5493.873	3.585306
1.0893	8.458e+00	6.770e+00	5493.873	3.593869
1.0909	8.447e+00	6.745e+00	5493.873	3.602445
1.0925	8.437e+00	6.720e+00	5493.873	3.611035
1.0940	8.426e+00	6.695e+00	5493.873	3.619640
1.0956	8.416e+00	6.670e+00	5493.873	3.628258
1.0972	8.405e+00	6.645e+00	5493.873	3.636891
1.0987	8.395e+00	6.620e+00	5493.873	3.645537
1.1003	8.385e+00	6.595e+00	5493.873	3.654197
1.1019	8.374e+00	6.570e+00	5493.873	3.662872
1.1034	8.364e+00	6.546e+00	5493.873	3.671560
1.1050	8.353e+00	6.521e+00	5493.873	3.680262
1.1066	8.343e+00	6.496e+00	5493.873	3.688978
1.1081	8.332e+00	6.471e+00	5493.873	3.697708
1.1097	8.322e+00	6.447e+00	5493.873	3.706452
1.1113	8.312e+00	6.422e+00	5493.873	3.715210
1.1129	8.301e+00	6.398e+00	5493.873	3.723981
1.1144	8.291e+00	6.373e+00	5493.873	3.732766
1.1160	8.280e+00	6.349e+00	5493.873	3.741565
1.1176	8.270e+00	6.324e+00	5493.873	3.750377
1.1191	8.260e+00	6.300e+00	5493.873	3.759204
1.1207	8.249e+00	6.276e+00	5493.873	3.768043
1.1223	8.239e+00	6.251e+00	5493.873	3.776897
1.1238	8.228e+00	6.227e+00	5493.873	3.785764
1.1254	8.218e+00	6.203e+00	5493.873	3.794644
1.1270	8.207e+00	6.179e+00	5493.873	3.803538
1.1286	8.197e+00	6.155e+00	5493.873	3.812446
1.1301	8.187e+00	6.131e+00	5493.873	3.821367
1.1317	8.176e+00	6.107e+00	5493.873	3.830302
1.1333	8.166e+00	6.083e+00	5493.873	3.839249
1.1348	8.155e+00	6.059e+00	5493.873	3.848211
1.1364	8.145e+00	6.035e+00	5493.873	3.857185
1.1380	8.135e+00	6.011e+00	5493.873	3.866173
1.1395	8.124e+00	5.987e+00	5493.873	3.875175
1.1411	8.114e+00	5.963e+00	5493.873	3.884189
1.1427	8.103e+00	5.939e+00	5493.873	3.893217
1.1442	8.093e+00	5.916e+00	5493.873	3.902258
1.1458	8.083e+00	5.892e+00	5493.873	3.911312
1.1474	8.072e+00	5.868e+00	5493.873	3.920380
1.1490	8.062e+00	5.845e+00	5493.873	3.929460
1.1505	8.051e+00	5.821e+00	5493.873	3.938554
1.1521	8.041e+00	5.798e+00	5493.873	3.947661
1.1537	8.031e+00	5.774e+00	5493.873	3.956780
1.1552	8.020e+00	5.751e+00	5493.873	3.965913
1.1568	8.010e+00	5.727e+00	5493.873	3.975059
1.1584	7.999e+00	5.704e+00	5493.873	3.984218
1.1599	7.989e+00	5.681e+00	5493.873	3.993389
1.1615	7.978e+00	5.657e+00	5493.873	4.002574
1.1631	7.968e+00	5.634e+00	5493.873	4.011771
1.1647	7.958e+00	5.611e+00	5493.873	4.020981
1.1662	7.947e+00	5.588e+00	5493.873	4.030204
1.1678	7.937e+00	5.565e+00	5493.873	4.039440
1.1694	7.926e+00	5.542e+00	5493.873	4.048688
1.1709	7.916e+00	5.519e+00	5493.873	4.057949
1.1725	7.906e+00	5.496e+00	5493.873	4.067223
1.1741	7.895e+00	5.473e+00	5493.873	4.076509
1.1756	7.885e+00	5.450e+00	5493.873	4.085808
1.1772	7.874e+00	5.427e+00	5493.873	4.095120
1.1788	7.864e+00	5.404e+00	5493.873	4.104444
1.1803	7.854e+00	5.381e+00	5493.873	4.113780
1.1819	7.843e+00	5.359e+00	5493.873	4.123129
1.1835	7.833e+00	5.336e+00	5493.873	4.132491
1.1851	7.822e+00	5.313e+00	5493.873	4.141865
1.1866	7.812e+00	5.291e+00	5493.873	4.151251
1.1882	7.801e+00	5.268e+00	5493.873	4.160649
1.1898	7.791e+00	5.245e+00	5493.873	4.170060
1.1913	7.781e+00	5.223e+00	5493.873	4.179483
1.1929	7.770e+00	5.200e+00	5493.873	4.188918
1.1945	7.760e+00	5.178e+00	5493.873	4.198366
1.1960	7.749e+00	5.155e+00	5493.873	4.207825
1.1976	7.739e+00	5.133e+00	5493.873	4.217297
1.1992	7.729e+00	5.111e+00	5493.873	4.226781
1.2008	7.718e+00	5.088e+00	5493.873	4.236277
1.2023	7.708e+00	5.066e+00	5493.873	4.245784
1.2039	7.697e+00	5.044e+00	5493.873	4.255304
1.2055	7.687e+00	5.022e+00	5493.873	4.264836
1.2070	7.676e+00	5.000e+00	5493.873	4.274380
1.2086	7.666e+00	4.978e+00	5493.873	4.283935
1.2102	7.656e+00	4.956e+00	5493.873	4.293502
1.2117	7.645e+00	4.934e+00	5493.873	4.303081
1.2133	7.635e+00	4.912e+00	5493.873	4.312672
1.2149	7.624e+00	4.890e+00	5493.873	4.322275
1.2164	7.614e+00	4.868e+00	5493.873	4.331889
1.2180	7.603e+00	4.846e+00	5493.873	4.341515
1.2196	7.593e+00	4.824e+00	5493.873	4.351152
1.2212	7.582e+00	4.802e+00	5493.873	4.360801
1.2227	7.572e+00	4.780e+00	5493.873	4.370462
1.2243	7.562e+00	4.759e+00	5493.873	4.380134
1.2259	7.551e+00	4.737e+00	5493.873	4.389817
1.2274	7.541e+00	4.715e+00	5493.873	4.399512
1.2290	7.530e+00	4.694e+00	5493.873	4.409218
1.2306	7.520e+00	4.672e+00	5493.873	4.418935
1.2321	7.509e+00	4.651e+00	5493.873	4.428664
1.2337	7.499e+00	4.629e+00	5493.873	4.438404
1.2353	7.488e+00	4.608e+00	5493.873	4.448155
1.2369	7.478e+00	4.586e+00	5493.873	4.457918
1.2384	7.467e+00	4.565e+00	5493.873	4.467691
1.2400	7.457e+00	4.543e+00	5493.873	4.477475
1.2416	7.446e+00	4.522e+00	5493.873	4.487271
1.2431	7.436e+00	4.501e+00	5493.873	4.497078
1.2447	7.425e+00	4.480e+00	5493.873	4.506895
1.2463	7.415e+00	4.458e+00	5493.873	4.516723
1.2478	7.404e+00	4.437e+00	5493.873	4.526563
1.2494	7.394e+00	4.416e+00	5493.873	4.536413
1.2510	7.383e+00	4.395e+00	5493.873	4.546274
1.2526	7.373e+00	4.374e+00	5493.873	4.556145
1.2541	7.362e+00	4.353e+00	5493.873	4.566027
1.2557	7.352e+00	4.332e+00	5493.873	4.575920
1.2573	7.341e+00	4.311e+00	5493.873	4.585824
1.2588	7.331e+00	4.290e+00	5493.873	4.595738
1.2604	7.320e+00	4.269e+00	5493.873	4.605663
1.2620	7.310e+00	4.249e+00	5493.873	4.615598
1.2635	7.299e+00	4.228e+00	5493.873	4.625543
1.2651	7.289e+00	4.207e+00	5493.873	4.635499
1.2667	7.278e+00	4.186e+00	5493.873	4.645465
1.2682	7.268e+00	4.166e+00	5493.873	4.655442
1.2698	7.257e+00	4.145e+00	5493.873	4.665429
1.2714	7.247e+00	4.124e+00	5493.873	4.675426
1.2730	7.236e+00	4.104e+00	5493.873	4.685433
1.2745	7.226e+00	4.083e+00	5493.873	4.695450
1.2761	7.215e+00	4.063e+00	5493.873	4.705477
1.2777	7.205e+00	4.042e+00	5493.873	4.715515
1.2792	7.194e+00	4.022e+00	5493.873	4.725562
1.2808	7.184e+00	4.001e+00	5493.873	4.735619
1.2824	7.173e+00	3.981e+00	5493.873	4.745686
1.2839	7.162e+00	3.961e+00	5493.873	4.755763
1.2855	7.152e+00	3.941e+00	5493.873	4.765850
1.2871	7.141e+00	3.920e+00	5493.873	4.775946
1.2887	7.131e+00	3.900e+00	5493.873	4.786052
1.2902	7.120e+00	3.880e+00	5493.873	4.796168
1.2918	7.110e+00	3.860e+00	5493.873	4.806294
1.2934	7.099e+00	3.840e+00	5493.873	4.816428
1.2949	7.088e+00	3.820e+00	5493.873	4.826573
1.2965	7.078e+00	3.800e+00	5493.873	4.836727
1.2981	7.067e+00	3.780e+00	5493.873	4.846890
1.2996	7.057e+00	3.760e+00	5493.873	4.857062
1.3012	7.046e+00	3.740e+00	5493.873	4.867244
1.3028	7.035e+00	3.720e+00	5493.873	4.877435
1.3043	7.025e+00	3.700e+00	5493.873	4.887636
1.3059	7.014e+00	3.680e+00	5493.873	4.897845
1.3075	7.003e+00	3.660e+00	5493.873	4.908063
1.3091	6.993e+00	3.641e+00	5493.873	4.918291
1.3106	6.982e+00	3.621e+00	5493.873	4.928527
1.3122	6.972e+00	3.601e+00	5493.873	4.938773
1.3138	6.961e+00	3.582e+00	5493.873	4.949027
1.3153	6.950e+00	3.562e+00	5493.873	4.959290
1.3169	6.940e+00	3.543e+00	5493.873	4.969562
1.3185	6.929e+00	3.523e+00	5493.873	4.979843
1.3200	6.918e+00	3.504e+00	5493.873	4.990132
1.3216	6.908e+00	3.484e+00	5493.873	5.000430
1.3232	6.897e+00	3.465e+00	5493.873	5.010736
1.3248	6.886e+00	3.445e+00	5493.873	5.021051
1.3263	6.876e+00	3.426e+00	5493.873	5.031375
1.3279	6.865e+00	3.407e+00	5493.873	5.041707
1.3295	6.854e+00	3.387e+00	5493.873	5.052047
1.3310	6.844e+00	3.368e+00	5493.873	5.062395
1.3326	6.833e+00	3.349e+00	5493.873	5.072752
1.3342	6.822e+00	3.330e+00	5493.873	5.083117
1.3357	6.811e+00	3.311e+00	5493.873	5.093490
1.3373	6.801e+00	3.292e+00	5493.873	5.103871
1.3389	6.790e+00	3.273e+00	5493.873	5.114260
1.3404	6.779e+00	3.254e+00	5493.873	5.124656
1.3420	6.768e+00	3.235e+00	5493.873	5.135061
1.3436	6.758e+00	3.216e+00	5493.873	5.145474
1.3452	6.747e+00	3.197e+00	5493.873	5.155894
1.3467	6.736e+00	3.178e+00	5493.873	5.166323
1.3483	6.725e+00	3.159e+00	5493.873	5.176758
1.3499	6.715e+00	3.140e+00	5493.873	5.187202
1.3514	6.704e+00	3.122e+00	5493.873	5.197653
1.3530	6.693e+00	3.103e+00	5493.873	5.208111
1.3546	6.682e+00	3.084e+00	5493.873	5.218577
1.3561	6.672e+00	3.066e+00	5493.873	5.229050
1.3577	6.661e+00	3.047e+00	5493.873	5.239530
1.3593	6.650e+00	3.028e+00	5493.873	5.250018
1.3609	6.639e+00	3.010e+00	5493.873	5.260513
1.3624	6.628e+00	2.991e+00	5493.873	5.271015
1.3640	6.618e+00	2.973e+00	5493.873	5.281524
1.3656	6.607e+00	2.954e+00	5493.873	5.292040
1.3671	6.596e+00	2.936e+00	5493.873	5.302563
1.3687	6.585e+00	2.918e+00	5493.873	5.313093
1.3703	6.574e+00	2.899e+00	5493.873	5.323629
1.3718	6.563e+00	2.881e+00	5493.873	5.334173
1.3734	6.552e+00	2.863e+00	5493.873	5.344723
1.3750	6.542e+00	2.845e+00	5493.873	5.355279
1.3765	6.531e+00	2.826e+00	5493.873	5.365843
1.3781	6.520e+00	2.808e+00	5493.873	5.376412
1.3797	6.509e+00	2.790e+00	5493.873	5.386988
1.3813	6.498e+00	2.772e+00	5493.873	5.397571
1.3828	6.487e+00	2.754e+00	5493.873	5.408159
1.3844	6.476e+00	2.736e+00	5493.873	5.418754
1.3860	6.465e+00	2.718e+00	5493.873	5.429355
1.3875	6.454e+00	2.700e+00	5493.873	5.439963
1.3891	6.443e+00	2.682e+00	5493.873	5.450576
1.3907	6.432e+00	2.664e+00	5493.873	5.461195
1.3922	6.421e+00	2.647e+00	5493.873	5.471820
1.3938	6.410e+00	2.629e+00	5493.873	5.482451
1.3954	6.399e+00	2.611e+00	5493.873	5.493087
1.3970	6.388e+00	2.593e+00	5493.873	5.503729
1.3985	6.377e+00	2.576e+00	5493.873	5.514377
1.4001	6.366e+00	2.558e+00	5493.873	5.525031
1.4017	6.355e+00	2.540e+00	5493.873	5.535689
1.4032	6.344e+00	2.523e+00	5493.873	5.546354
1.4048	6.333e+00	2.505e+00	5493.873	5.557023
1.4064	6.322e+00	2.488e+00	5493.873	5.567698
1.4079	6.311e+00	2.470e+00	5493.873	5.578378
1.4095	6.300e+00	2.453e+00	5493.873	5.589063
1.4111	6.289e+00	2.435e+00	5493.873	5.599753
1.4127	6.278e+00	2.418e+00	5493.873	5.610448
1.4142	6.267e+00	2.401e+00	5493.873	5.621148
1.4158	6.256e+00	2.383e+00	5493.873	5.631853
1.4174	6.245e+00	2.366e+00	5493.873	5.642563
1.4189	6.234e+00	2.349e+00	5493.873	5.653277
1.4205	6.223e+00	2.332e+00	5493.873	5.663996
1.4221	6.211e+00	2.315e+00	5493.873	5.674719
1.4236	6.200e+00	2.298e+00	5493.873	5.685447
1.4252	6.189e+00	2.281e+00	5493.873	5.696179
1.4268	6.178e+00	2.264e+00	5493.873	5.706916
1.4283	6.167e+00	2.247e+00	5493.873	5.717656
1.4299	6.156e+00	2.230e+00	5493.873	5.728401
1.4315	6.144e+00	2.213e+00	5493.873	5.739150
1.4331	6.133e+00	2.196e+00	5493.873	5.749903
1.4346	6.122e+00	2.179e+00	5493.873	5.760659
1.4362	6.111e+00	2.162e+00	5493.873	5.771420
1.4378	6.099e+00	2.145e+00	5493.873	5.782184
1.4393	6.088e+00	2.129e+00	5493.873	5.792952
1.4409	6.077e+00	2.112e+00	5493.873	5.803723
1.4425	6.066e+00	2.095e+00	5493.873	5.814498
1.4440	6.054e+00	2.079e+00	5493.873	5.825277
1.4456	6.043e+00	2.062e+00	5493.873	5.836059
1.4472	6.032e+00	2.045e+00	5493.873	5.846844
1.4488	6.021e+00	2.029e+00	5493.873	5.857632
1.4503	6.009e+00	2.012e+00	5493.873	5.868423
1.4519	5.998e+00	1.996e+00	5493.873	5.879217
1.4535	5.986e+00	1.980e+00	5493.873	5.890015
1.4550	5.975e+00	1.963e+00	5493.873	5.900815
1.4566	5.964e+00	1.947e+00	5493.873	5.911617
1.4582	5.952e+00	1.931e+00	5493.873	5.922423
1.4597	5.941e+00	1.914e+00	5493.873	5.933231
1.4613	5.930e+00	1.898e+00	5493.873	5.944041
1.4629	5.918e+00	1.882e+00	5493.873	5.954854
1.4644	5.907e+00	1.866e+00	5493.873	5.965669
1.4660	5.895e+00	1.850e+00	5493.873	5.976486
1.4676	5.884e+00	1.833e+00	5493.873	5.987306
1.4692	5.872e+00	1.817e+00	5493.873	5.998127
1.4707	5.861e+00	1.801e+00	5493.873	6.008951
1.4723	5.849e+00	1.785e+00	5493.873	6.019776
1.4739	5.838e+00	1.770e+00	5493.873	6.030603
1.4754	5.826e+00	1.754e+00	5493.873	6.041432
1.4770	5.815e+00	1.738e+00	5493.873	6.052263
1.4786	5.803e+00	1.722e+00	5493.873	6.063094
1.4801	5.791e+00	1.706e+00	5493.873	6.073928
1.4817	5.780e+00	1.690e+00	5493.873	6.084762
1.4833	5.768e+00	1.675e+00	5493.873	6.095598
1.4849	5.757e+00	1.659e+00	5493.873	6.106435
1.4864	5.745e+00	1.643e+00	5493.873	6.117273
1.4880	5.733e+00	1.628e+00	5493.873	6.128111
1.4896	5.722e+00	1.612e+00	5493.873	6.138951
1.4911	5.710e+00	1.597e+00	5493.873	6.149791
1.4927	5.698e+00	1.581e+00	5493.873	6.160632
1.4943	5.687e+00	1.566e+00	5493.873	6.171474
1.4958	5.675e+00	1.550e+00	5493.873	6.182315
1.4974	5.663e+00	1.535e+00	5493.873	6.193158
1.4990	5.651e+00	1.520e+00	5493.873	6.204000
1.5005	5.639e+00	1.504e+00	5493.873	6.214842
1.5021	5.628e+00	1.489e+00	5493.873	6.225685
1.5037	5.616e+00	1.474e+00	5493.873	6.236527
1.5053	5.604e+00	1.459e+00	5493.873	6.247370
1.5068	5.592e+00	1.443e+00	5493.873	6.258211
1.5084	5.580e+00	1.428e+00	5493.873	6.269053
1.5100	5.568e+00	1.413e+00	5493.873	6.279894
1.5115	5.556e+00	1.398e+00	5493.873	6.290734
1.5131	5.545e+00	1.383e+00	5493.873	6.301574
1.5147	5.533e+00	1.368e+00	5493.873	6.312412
1.5162	5.521e+00	1.353e+00	5493.873	6.323250
1.5178	5.509e+00	1.338e+00	5493.873	6.334087
1.5194	5.497e+00	1.323e+00	5493.873	6.344922
1.5210	5.485e+00	1.309e+00	5493.873	6.355756
1.5225	5.473e+00	1.294e+00	5493.873	6.366589
1.5241	5.461e+00	1.279e+00	5493.873	6.377421
1.5257	5.448e+00	1.264e+00	5493.873	6.388250
1.5272	5.436e+00	1.250e+00	5493.873	6.399078
1.5288	5.424e+00	1.235e+00	5493.873	6.409904
1.5304	5.412e+00	1.220e+00	5493.873	6.420728
1.5319	5.400e+00	1.206e+00	5493.873	6.431550
1.5335	5.388e+00	1.191e+00	5493.873	6.442370
1.5351	5.376e+00	1.177e+00	5493.873	6.453187
1.5367	5.363e+00	1.163e+00	5493.873	6.464002
1.5382	5.351e+00	1.148e+00	5493.873	6.474814
1.5398	5.339e+00	1.134e+00	5493.873	6.485624
1.5414	5.326e+00	1.119e+00	5493.873	6.496430
1.5429	5.314e+00	1.105e+00	5493.873	6.507234
1.5445	5.302e+00	1.091e+00	5493.873	6.518035
1.5461	5.289e+00	1.077e+00	5493.873	6.528832
1.5476	5.277e+00	1.062e+00	5493.873	6.539626
1.5492	5.265e+00	1.048e+00	5493.873	6.550416
1.5508	5.252e+00	1.034e+00	5493.873	6.561203
1.5523	5.240e+00	1.020e+00	5493.873	6.571987
1.5539	5.227e+00	1.006e+00	5493.873	6.582766
1.5555	5.215e+00	9.922e-01	5493.873	6.593541
1.5571	5.202e+00	9.783e-01	5493.873	6.604312
1.5586	5.190e+00	9.644e-01	5493.873	6.615079
1.5602	5.177e+00	9.505e-01	5493.873	6.625841
1.5618	5.164e+00	9.367e-01	5493.873	6.636599
1.5633	5.152e+00	9.229e-01	5493.873	6.647352
1.5649	5.139e+00	9.092e-01	5493.873	6.658101
1.5665	5.126e+00	8.955e-01	5493.873	6.668844
1.5680	5.113e+00	8.818e-01	5493.873	6.679582
1.5696	5.101e+00	8.682e-01	5493.873	6.690315
1.5712	5.088e+00	8.546e-01	5493.873	6.701042
1.5728	5.075e+00	8.410e-01	5493.873	6.711764
1.5743	5.062e+00	8.275e-01	5493.873	6.722480
1.5759	5.049e+00	8.141e-01	5493.873	6.733190
1.5775	5.036e+00	8.006e-01	5493.873	6.743895
1.5790	5.023e+00	7.873e-01	5493.873	6.754593
1.5806	5.010e+00	7.739e-01	5493.873	6.765284
1.5822	4.997e+00	7.606e-01	5493.873	6.775969
1.5837	4.984e+00	7.473e-01	5493.873	6.786648
1.5853	4.971e+00	7.341e-01	5493.873	6.797319
1.5869	4.958e+00	7.209e-01	5493.873	6.807984
1.5884	4.945e+00	7.078e-01	5493.873	6.818641
1.5900	4.932e+00	6.947e-01	5493.873	6.829291
1.5916	4.919e+00	6.816e-01	5493.873	6.839934
1.5932	4.905e+00	6.686e-01	5493.873	6.850569
1.5947	4.892e+00	6.556e-01	5493.873	6.861196
1.5963	4.879e+00	6.426e-01	5493.873	6.871815
1.5979	4.865e+00	6.297e-01	5493.873	6.882426
1.5994	4.852e+00	6.169e-01	5493.873	6.893028
1.6010	4.838e+00	6.041e-01	5493.873	6.903622
1.6026	4.825e+00	5.913e-01	5493.873	6.914208
1.6041	4.811e+00	5.785e-01	5493.873	6.924784
1.6057	4.798e+00	5.658e-01	5493.873	6.935351
1.6073	4.784e+00	5.532e-01	5493.873	6.945909
1.6089	4.771e+00	5.406e-01	5493.873	6.956457
1.6104	4.757e+00	5.280e-01	5493.873	6.966996
1.6120	4.743e+00	5.155e-01	5493.873	6.977525
1.6136	4.729e+00	5.030e-01	5493.873	6.988044
1.6151	4.715e+00	4.905e-01	5493.873	6.998552
1.6167	4.702e+00	4.781e-01	5493.873	7.009050
1.6183	4.688e+00	4.658e-01	5493.873	7.019538
1.6198	4.674e+00	4.534e-01	5493.873	7.030014
1.6214	4.660e+00	4.412e-01	5493.873	7.040479
1.6230	4.645e+00	4.289e-01	5493.873	7.050933
1.6245	4.631e+00	4.167e-01	5493.873	7.061376
1.6261	4.617e+00	4.046e-01	5493.873	7.071807
1.6277	4.603e+00	3.925e-01	5493.873	7.082225
1.6293	4.589e+00	3.804e-01	5493.873	7.092632
1.6308	4.574e+00	3.684e-01	5493.873	7.103026
1.6324	4.560e+00	3.564e-01	5493.873	7.113407
1.6340	4.545e+00	3.445e-01	5493.873	7.123776
1.6355	4.531e+00	3.326e-01	5493.873	7.134131
1.6371	4.516e+00	3.207e-01	5493.873	7.144473
1.6387	4.502e+00	3.089e-01	5493.873	7.154801
1.6402	4.487e+00	2.972e-01	5493.873	7.165115
1.6418	4.472e+00	2.855e-01	5493.873	7.175416
1.6434	4.457e+00	2.738e-01	5493.873	7.185701
1.6450	4.442e+00	2.622e-01	5493.873	7.195972
1.6465	4.040e-01	2.569e-01	5491.184	7.200638
1.6481	4.033e-01	2.558e-01	5486.464	7.201573
1.6497	4.025e-01	2.546e-01	5481.503	7.202509
1.6512	4.018e-01	2.534e-01	5476.470	7.203444
1.6528	4.010e-01	2.523e-01	5471.536	7.204379
1.6544	4.002e-01	2.512e-01	5466.874	7.205315
1.6559	3.995e-01	2.501e-01	5462.228	7.206250
1.6575	3.987e-01	2.490e-01	5457.312	7.207185
1.6591	3.980e-01	2.478e-01	5452.297	7.208121
1.6606	3.972e-01	2.467e-01	5447.357	7.209056
1.6622	3.965e-01	2.456e-01	5442.664	7.209991
1.6638	3.957e-01	2.446e-01	5438.075	7.210927
1.6654	3.949e-01	2.435e-01	5433.203	7.211862
1.6669	3.942e-01	2.423e-01	5428.210	7.212797
1.6685	3.934e-01	2.412e-01	5423.269	7.213732
1.6701	3.927e-01	2.402e-01	5418.555	7.214668
1.6716	3.919e-01	2.391e-01	5414.006	7.215603
1.6732	3.912e-01	2.380e-01	5409.175	7.216538
1.6748	3.904e-01	2.369e-01	5404.203	7.217473
1.6763	3.897e-01	2.358e-01	5399.266	7.218408
1.6779	3.889e-01	2.348e-01	5394.540	7.219343
1.6795	3.882e-01	2.338e-01	5390.019	7.220278
1.6811	3.874e-01	2.327e-01	5385.225	7.221213
1.6826	3.867e-01	2.316e-01	5380.275	7.222148
1.6842	3.859e-01	2.305e-01	5375.345	7.223083
1.6858	3.852e-01	2.295e-01	5370.614	7.224017
1.6873	3.844e-01	2.285e-01	5366.114	7.224952
1.6889	3.837e-01	2.275e-01	5361.352	7.225886
1.6905	3.830e-01	2.264e-01	5356.422	7.226821
1.6920	3.822e-01	2.254e-01	5351.502	7.227755
1.6936	3.815e-01	2.243e-01	5346.773	7.228690
1.6952	3.807e-01	2.234e-01	5342.289	7.229624
1.6968	3.800e-01	2.223e-01	5337.647	7.230558
1.6983	3.793e-01	2.213e-01	5332.734	7.231492
1.6999	3.785e-01	2.202e-01	5327.826	7.232426
1.7015	3.778e-01	2.192e-01	5323.108	7.233360
1.7030	3.770e-01	2.183e-01	5318.644	7.234294
1.7046	3.763e-01	2.173e-01	5313.929	7.235227
1.7062	3.756e-01	2.163e-01	5309.035	7.236161
1.7077	3.748e-01	2.152e-01	5304.147	7.237094
1.7093	3.741e-01	2.142e-01	5299.447	7.238028
1.7109	3.734e-01	2.133e-01	5294.998	7.238961
1.7124	3.726e-01	2.123e-01	5290.297	7.239894
1.7140	3.719e-01	2.113e-01	5285.421	7.240827
1.7156	3.712e-01	2.103e-01	5280.553	7.241760
1.7172	3.704e-01	2.093e-01	5275.876	7.242692
1.7187	3.697e-01	2.084e-01	5271.439	7.243625
1.7203	3.690e-01	2.075e-01	5266.743	7.244557
1.7219	3.682e-01	2.065e-01	5261.875	7.245490
1.7234	3.675e-01	2.055e-01	5257.022	7.246422
1.7250	3.668e-01	2.045e-01	5252.371	7.247354
1.7266	3.660e-01	2.036e-01	5247.945	7.248286
1.7281	3.653e-01	2.027e-01	5243.250	7.249217
1.7297	3.646e-01	2.017e-01	5238.407	7.250149
1.7313	3.639e-01	2.007e-01	5233.593	7.251080
1.7329	3.631e-01	1.998e-01	5228.987	7.252011
1.7344	3.624e-01	1.989e-01	5224.571	7.252942
1.7360	3.617e-01	1.980e-01	5219.890	7.253873
1.7376	3.610e-01	1.970e-01	5215.069	7.254804
1.7391	3.603e-01	1.961e-01	5210.288	7.255734
1.7407	3.595e-01	1.952e-01	5205.724	7.256664
1.7423	3.588e-01	1.943e-01	5201.308	7.257595
1.7438	3.581e-01	1.934e-01	5196.615	7.258524
1.7454	3.574e-01	1.925e-01	5191.798	7.259454
1.7470	3.567e-01	1.915e-01	5187.038	7.260384
1.7485	3.559e-01	1.907e-01	5182.518	7.261313
1.7501	3.552e-01	1.898e-01	5178.088	7.262242
1.7517	3.545e-01	1.889e-01	5173.378	7.263171
1.7533	3.538e-01	1.880e-01	5168.565	7.264100
1.7548	3.531e-01	1.871e-01	5163.834	7.265028
1.7564	3.523e-01	1.862e-01	5159.372	7.265956
1.7580	3.516e-01	1.854e-01	5154.906	7.266884
1.7595	3.509e-01	1.845e-01	5150.173	7.267812
1.7611	3.502e-01	1.835e-01	5145.451	7.268740
1.7627	3.495e-01	1.827e-01	5140.755	7.269667
1.7642	3.488e-01	1.818e-01	5136.352	7.270594
1.7658	3.481e-01	1.810e-01	5131.832	7.271521
1.7674	3.473e-01	1.801e-01	5127.076	7.272447
1.7690	3.466e-01	1.792e-01	5122.280	7.273374
1.7705	3.459e-01	1.783e-01	5117.637	7.274300
1.7721	3.452e-01	1.775e-01	5113.275	7.275225
1.7737	3.445e-01	1.767e-01	5108.703	7.276151
1.7752	3.438e-01	1.758e-01	5103.935	7.277076
1.7768	3.431e-01	1.749e-01	5099.168	7.278001
1.7784	3.424e-01	1.741e-01	5094.596	7.278926
1.7799	3.416e-01	1.733e-01	5090.246	7.279850
1.7815	3.409e-01	1.725e-01	5085.620	7.280774
1.7831	3.402e-01	1.716e-01	5080.844	7.281698
1.7846	3.395e-01	1.707e-01	5076.115	7.282621
1.7862	3.388e-01	1.699e-01	5071.635	7.283545
1.7878	3.381e-01	1.691e-01	5067.249	7.284467
1.7894	3.374e-01	1.683e-01	5062.572	7.285390
1.7909	3.367e-01	1.675e-01	5057.796	7.286312
1.7925	3.360e-01	1.666e-01	5053.123	7.287234
1.7941	3.353e-01	1.658e-01	5048.747	7.288156
1.7956	3.346e-01	1.651e-01	5044.272	7.289077
1.7972	3.339e-01	1.642e-01	5039.553	7.289998
1.7988	3.332e-01	1.634e-01	5034.794	7.290919
1.8003	3.324e-01	1.626e-01	5030.201	7.291839
1.8019	3.317e-01	1.618e-01	5025.880	7.292759
1.8035	3.310e-01	1.610e-01	5021.314	7.293678
1.8051	3.303e-01	1.602e-01	5016.567	7.294597
1.8066	3.296e-01	1.594e-01	5011.847	7.295516
1.8082	3.289e-01	1.586e-01	5007.365	7.296435
1.8098	3.282e-01	1.579e-01	5003.019	7.297353
1.8113	3.275e-01	1.571e-01	4998.374	7.298271
1.8129	3.268e-01	1.563e-01	4993.619	7.299188
1.8145	3.261e-01	1.555e-01	4988.967	7.300105
1.8160	3.254e-01	1.548e-01	4984.619	7.301021
1.8176	3.247e-01	1.540e-01	4980.158	7.301938
1.8192	3.240e-01	1.532e-01	4975.458	7.302853
1.8208	3.233e-01	1.524e-01	4970.742	7.303769
1.8223	3.226e-01	1.517e-01	4966.223	7.304684
1.8239	3.219e-01	1.510e-01	4961.948	7.305598
1.8255	3.212e-01	1.502e-01	4957.396	7.306513
1.8270	3.205e-01	1.494e-01	4952.686	7.307426
1.8286	3.198e-01	1.486e-01	4948.034	7.308340
1.8302	3.191e-01	1.479e-01	4943.659	7.309253
1.8317	3.184e-01	1.472e-01	4939.300	7.310165
1.8333	3.177e-01	1.464e-01	4934.664	7.311077
1.8349	3.170e-01	1.457e-01	4929.965	7.311989
1.8364	3.163e-01	1.449e-01	4925.458	7.312900
1.8380	3.156e-01	1.442e-01	4921.178	7.313810
1.8396	3.149e-01	1.435e-01	4916.639	7.314721
1.8412	3.142e-01	1.428e-01	4911.946	7.315630
1.8427	3.135e-01	1.420e-01	4907.287	7.316540
1.8443	3.129e-01	1.413e-01	4902.882	7.317449
1.8459	3.122e-01	1.406e-01	4898.551	7.318357
1.8474	3.115e-01	1.399e-01	4893.924	7.319265
1.8490	3.108e-01	1.392e-01	4889.217	7.320172
1.8506	3.101e-01	1.384e-01	4884.654	7.321079
1.8521	3.094e-01	1.378e-01	4880.382	7.321986
1.8537	3.087e-01	1.371e-01	4875.876	7.322892
1.8553	3.080e-01	1.363e-01	4871.178	7.323797
1.8569	3.073e-01	1.356e-01	4866.518	7.324702
1.8584	3.066e-01	1.349e-01	4862.124	7.325607
1.8600	3.059e-01	1.343e-01	4857.781	7.326511
1.8616	3.052e-01	1.336e-01	4853.143	7.327414
1.8631	3.045e-01	1.328e-01	4848.437	7.328317
1.8647	3.038e-01	1.322e-01	4843.895	7.329219
1.8663	3.032e-01	1.315e-01	4839.627	7.330121
1.8678	3.025e-01	1.308e-01	4835.090	7.331022
1.8694	3.018e-01	1.301e-01	4830.383	7.331923
1.8710	3.011e-01	1.294e-01	4825.742	7.332823
1.8725	3.004e-01	1.288e-01	4821.402	7.333723
1.8741	2.997e-01	1.281e-01	4817.003	7.334622
1.8757	2.990e-01	1.274e-01	4812.337	7.335521
1.8773	2.983e-01	1.267e-01	4807.711	7.336419
1.8788	2.976e-01	1.261e-01	4803.231	7.337316
1.8804	2.969e-01	1.255e-01	4798.950	7.338213
1.8820	2.963e-01	1.248e-01	4794.357	7.339109
1.8835	2.956e-01	1.241e-01	4789.643	7.340005
1.8851	2.949e-01	1.234e-01	4785.054	7.340900
1.8867	2.942e-01	1.228e-01	4780.776	7.341794
1.8882	2.935e-01	1.222e-01	4776.281	7.342688
1.8898	2.928e-01	1.215e-01	4771.581	7.343581
1.8914	2.921e-01	1.208e-01	4766.922	7.344474
1.8930	2.914e-01	1.202e-01	4762.555	7.345366
1.8945	2.908e-01	1.196e-01	4758.178	7.346257
1.8961	2.901e-01	1.189e-01	4753.516	7.347148
1.8977	2.894e-01	1.183e-01	4748.815	7.348038
1.8992	2.887e-01	1.177e-01	4744.331	7.348928
1.9008	2.880e-01	1.171e-01	4740.042	7.349817
1.9024	2.873e-01	1.164e-01	4735.434	7.350705
1.9039	2.867e-01	1.158e-01	4730.713	7.351593
1.9055	2.860e-01	1.151e-01	4726.138	7.352479
1.9071	2.853e-01	1.146e-01	4721.854	7.353366
1.9086	2.846e-01	1.139e-01	4717.323	7.354251
1.9102	2.839e-01	1.133e-01	4712.619	7.355136
1.9118	2.832e-01	1.127e-01	4707.994	7.356021
1.9134	2.826e-01	1.121e-01	4703.685	7.356904
1.9149	2.819e-01	1.115e-01	4699.245	7.357787
1.9165	2.812e-01	1.109e-01	4694.571	7.358669
1.9181	2.805e-01	1.103e-01	4689.914	7.359551
1.9196	2.798e-01	1.097e-01	4685.526	7.360432
1.9212	2.792e-01	1.091e-01	4681.169	7.361312
1.9228	2.785e-01	1.085e-01	4676.518	7.362191
1.9243	2.778e-01	1.079e-01	4671.828	7.363070
1.9259	2.771e-01	1.073e-01	4667.359	7.363948
1.9275	2.764e-01	1.067e-01	4663.059	7.364825
1.9291	2.758e-01	1.061e-01	4658.444	7.365702
1.9306	2.751e-01	1.055e-01	4653.899	7.366578
1.9322	2.744e-01	1.049e-01	4649.389	7.367453
1.9338	2.737e-01	1.044e-01	4645.125	7.368327
1.9353	2.731e-01	1.038e-01	4640.550	7.369201
1.9369	2.724e-01	1.032e-01	4635.841	7.370074
1.9385	2.717e-01	1.026e-01	4631.269	7.370946
1.9400	2.710e-01	1.021e-01	4626.998	7.371817
1.9416	2.703e-01	1.015e-01	4622.450	7.372688
1.9432	2.697e-01	1.009e-01	4617.732	7.373558
1.9447	2.690e-01	1.004e-01	4613.117	7.374427
1.9463	2.683e-01	9.982e-02	4608.827	7.375295
1.9479	2.676e-01	9.926e-02	4604.302	7.376163
1.9495	2.670e-01	9.868e-02	4599.575	7.377029
1.9510	2.663e-01	9.811e-02	4594.931	7.377895
1.9526	2.656e-01	9.759e-02	4590.619	7.378760
1.9542	2.649e-01	9.704e-02	4586.108	7.379624
1.9557	2.642e-01	9.647e-02	4581.373	7.380488
1.9573	2.636e-01	9.591e-02	4576.704	7.381350
1.9589	2.629e-01	9.539e-02	4572.371	7.382212
1.9604	2.622e-01	9.485e-02	4567.866	7.383073
1.9620	2.615e-01	9.429e-02	4563.120	7.383933
1.9636	2.609e-01	9.374e-02	4558.434	7.384792
1.9652	2.602e-01	9.322e-02	4554.086	7.385651
1.9667	2.595e-01	9.270e-02	4549.575	7.386508
1.9683	2.588e-01	9.214e-02	4544.817	7.387365
1.9699	2.582e-01	9.160e-02	4540.119	7.388221
1.9714	2.575e-01	9.109e-02	4535.766	7.389076
1.9730	2.568e-01	9.057e-02	4531.237	7.389930
1.9746	2.561e-01	9.003e-02	4526.465	7.390783
1.9761	2.555e-01	8.949e-02	4521.762	7.391635
1.9777	2.548e-01	8.900e-02	4517.409	7.392487
1.9793	2.541e-01	8.849e-02	4512.852	7.393337
1.9809	2.534e-01	8.795e-02	4508.112	7.394187
1.9824	2.528e-01	8.742e-02	4503.423	7.395035
1.9840	2.521e-01	8.694e-02	4499.081	7.395883
1.9856	2.514e-01	8.643e-02	4494.494	7.396730
1.9871	2.507e-01	8.590e-02	4489.686	7.397576
1.9887	2.501e-01	8.539e-02	4485.012	7.398421
1.9903	2.494e-01	8.491e-02	4480.667	7.399265
1.9918	2.487e-01	8.441e-02	4476.027	7.400108
1.9934	2.480e-01	8.388e-02	4471.210	7.400950
1.9950	2.474e-01	8.338e-02	4466.555	7.401791
1.9965	2.467e-01	8.291e-02	4462.198	7.402631
1.9981	2.460e-01	8.241e-02	4457.499	7.403470
1.9997	2.454e-01	8.190e-02	4452.668	7.404309
2.0013	2.447e-01	8.141e-02	4448.052	7.405146
2.0028	2.440e-01	8.095e-02	4443.660	7.405982
2.0044	2.433e-01	8.045e-02	4438.900	7.406817
2.0060	2.427e-01	7.995e-02	4434.066	7.407652
2.0075	2.420e-01	7.948e-02	4429.554	7.408485
2.0091	2.413e-01	7.902e-02	4425.103	7.409317
2.0107	2.407e-01	7.852e-02	4420.299	7.410149
2.0122	2.400e-01	7.803e-02	4415.487	7.410979
2.0138	2.393e-01	7.758e-02	4411.023	7.411808
2.0154	2.386e-01	7.712e-02	4406.453	7.412636
2.0170	2.380e-01	7.663e-02	4401.594	7.413463
2.0185	2.373e-01	7.615e-02	4396.811	7.414289
2.0201	2.366e-01	7.571e-02	4392.393	7.415114
2.0217	2.360e-01	7.524e-02	4387.699	7.415938
2.0232	2.353e-01	7.476e-02	4382.803	7.416761
2.0248	2.346e-01	7.430e-02	4378.081	7.417583
2.0264	2.339e-01	7.386e-02	4373.668	7.418404
2.0279	2.333e-01	7.340e-02	4368.871	7.419224
2.0295	2.326e-01	7.292e-02	4363.974	7.420042
2.0311	2.319e-01	7.248e-02	4359.368	7.420860
2.0326	2.313e-01	7.205e-02	4354.842	7.421676
2.0342	2.306e-01	7.158e-02	4349.951	7.422491
2.0358	2.299e-01	7.112e-02	4345.082	7.423306
2.0374	2.292e-01	7.070e-02	4340.594	7.424119
2.0389	2.286e-01	7.025e-02	4335.885	7.424931
2.0405	2.279e-01	6.979e-02	4330.931	7.425741
2.0421	2.272e-01	6.935e-02	4326.139	7.426551
2.0436	2.266e-01	6.894e-02	4321.661	7.427360
2.0452	2.259e-01	6.849e-02	4316.805	7.428167
2.0468	2.252e-01	6.804e-02	4311.856	7.428973
2.0483	2.246e-01	6.762e-02	4307.219	7.429778
2.0499	2.239e-01	6.720e-02	4302.615	7.430582
2.0515	2.232e-01	6.676e-02	4297.670	7.431385
2.0531	2.226e-01	6.633e-02	4292.785	7.432187
2.0546	2.219e-01	6.592e-02	4288.270	7.432987
2.0562	2.212e-01	6.550e-02	4283.454	7.433786
2.0578	2.206e-01	6.506e-02	4278.451	7.434584
2.0593	2.199e-01	6.465e-02	4273.685	7.435381
2.0609	2.192e-01	6.425e-02	4269.107	7.436177
2.0625	2.186e-01	6.382e-02	4264.128	7.436971
2.0640	2.179e-01	6.339e-02	4259.147	7.437765
2.0656	2.172e-01	6.300e-02	4254.561	7.438557
2.0672	2.166e-01	6.259e-02	4249.739	7.439347
2.0687	2.159e-01	6.217e-02	4244.704	7.440137
2.0703	2.152e-01	6.176e-02	4239.860	7.440925
2.0719	2.146e-01	6.138e-02	4235.255	7.441712
2.0735	2.139e-01	6.096e-02	4230.224	7.442498
2.0750	2.132e-01	6.054e-02	4225.180	7.443283
2.0766	2.125e-01	6.016e-02	4220.547	7.444066
2.0782	2.119e-01	5.976e-02	4215.659	7.444848
2.0797	2.112e-01	5.935e-02	4210.530	7.445629
2.0813	2.105e-01	5.896e-02	4205.650	7.446408
2.0829	2.099e-01	5.858e-02	4200.969	7.447186
2.0844	2.092e-01	5.818e-02	4195.856	7.447963
2.0860	2.085e-01	5.777e-02	4190.777	7.448738
2.0876	2.079e-01	5.741e-02	4186.120	7.449512
2.0892	2.072e-01	5.702e-02	4181.111	7.450285
2.0907	2.065e-01	5.661e-02	4175.924	7.451057
2.0923	2.059e-01	5.624e-02	4171.086	7.451827
2.0939	2.052e-01	5.587e-02	4166.260	7.452596
2.0954	2.045e-01	5.547e-02	4161.048	7.453363
2.0970	2.039e-01	5.509e-02	4155.988	7.454129
2.0986	2.032e-01	5.473e-02	4151.278	7.454894
2.1001	2.025e-01	5.435e-02	4146.110	7.455658
2.1017	2.018e-01	5.396e-02	4140.902	7.456419
2.1033	2.012e-01	5.361e-02	4136.146	7.457180
2.1049	2.005e-01	5.323e-02	4131.094	7.457939
2.1064	1.998e-01	5.285e-02	4125.830	7.458697
2.1080	1.992e-01	5.249e-02	4120.905	7.459454
2.1096	1.985e-01	5.214e-02	4116.077	7.460209
2.1111	1.978e-01	5.176e-02	4110.798	7.460962
2.1127	1.972e-01	5.140e-02	4105.684	7.461714
2.1143	1.965e-01	5.106e-02	4100.886	7.462465
2.1158	1.958e-01	5.068e-02	4095.603	7.463214
2.1174	1.952e-01	5.032e-02	4090.334	7.463962
2.1190	1.945e-01	4.998e-02	4085.524	7.464709
2.1205	1.938e-01	4.962e-02	4080.301	7.465454
2.1221	1.932e-01	4.925e-02	4074.941	7.466197
2.1237	1.925e-01	4.892e-02	4070.040	7.466939
2.1253	1.918e-01	4.857e-02	4064.904	7.467680
2.1268	1.912e-01	4.821e-02	4059.487	7.468419
2.1284	1.905e-01	4.787e-02	4054.438	7.469156
2.1300	1.898e-01	4.753e-02	4049.404	7.469892
2.1315	1.892e-01	4.717e-02	4043.958	7.470627
2.1331	1.885e-01	4.683e-02	4038.763	7.471360
2.1347	1.878e-01	4.651e-02	4033.801	7.472092
2.1362	1.871e-01	4.616e-02	4028.344	7.472822
2.1378	1.865e-01	4.581e-02	4023.034	7.473550
2.1394	1.858e-01	4.550e-02	4018.095	7.474277
2.1410	1.851e-01	4.515e-02	4012.638	7.475002
2.1425	1.845e-01	4.481e-02	4007.237	7.475726
2.1441	1.838e-01	4.450e-02	4002.305	7.476448
2.1457	1.831e-01	4.416e-02	3996.855	7.477169
2.1472	1.825e-01	4.382e-02	3991.382	7.477888
2.1488	1.818e-01	4.352e-02	3986.402	7.478606
2.1504	1.811e-01	4.319e-02	3980.951	7.479322
2.1519	1.805e-01	4.285e-02	3975.411	7.480036
2.1535	1.798e-01	4.255e-02	3970.390	7.480749
2.1551	1.791e-01	4.222e-02	3964.946	7.481460
2.1566	1.785e-01	4.189e-02	3959.375	7.482170
2.1582	1.778e-01	4.159e-02	3954.320	7.482878
2.1598	1.771e-01	4.128e-02	3948.882	7.483584
2.1614	1.765e-01	4.095e-02	3943.279	7.484288
2.1629	1.758e-01	4.066e-02	3938.187	7.484992
2.1645	1.751e-01	4.034e-02	3932.730	7.485693
2.1661	1.745e-01	4.002e-02	3927.082	7.486393
2.1676	1.738e-01	3.973e-02	3921.956	7.487091
2.1692	1.731e-01	3.942e-02	3916.453	7.487787
2.1708	1.725e-01	3.910e-02	3910.769	7.488482
2.1723	1.718e-01	3.882e-02	3905.617	7.489175
2.1739	1.711e-01	3.851e-02	3900.056	7.489867
2.1755	1.705e-01	3.820e-02	3894.339	7.490556
2.1771	1.698e-01	3.792e-02	3889.165	7.491244
2.1786	1.691e-01	3.762e-02	3883.559	7.491931
2.1802	1.685e-01	3.731e-02	3877.825	7.492615
2.1818	1.678e-01	3.703e-02	3872.631	7.493298
2.1833	1.671e-01	3.673e-02	3866.914	7.493979
2.1849	1.665e-01	3.643e-02	3861.172	7.494659
2.1865	1.658e-01	3.616e-02	3855.943	7.495336
2.1880	1.651e-01	3.586e-02	3850.135	7.496012
2.1896	1.645e-01	3.557e-02	3844.416	7.496686
2.1912	1.638e-01	3.530e-02	3839.126	7.497359
2.1927	1.631e-01	3.500e-02	3833.231	7.498029
2.1943	1.625e-01	3.472e-02	3827.573	7.498698
2.1959	1.618e-01	3.445e-02	3822.172	7.499365
2.1975	1.611e-01	3.415e-02	3816.208	7.500030
2.1990	1.605e-01	3.388e-02	3810.661	7.500694
2.2006	1.598e-01	3.361e-02	3805.077	7.501355
2.2022	1.591e-01	3.332e-02	3799.066	7.502015
2.2037	1.585e-01	3.306e-02	3793.628	7.502673
2.2053	1.578e-01	3.278e-02	3787.824	7.503329
2.2069	1.571e-01	3.250e-02	3781.823	7.503983
2.2084	1.564e-01	3.225e-02	3776.513	7.504636
2.2100	1.558e-01	3.197e-02	3770.533	7.505287
2.2116	1.551e-01	3.170e-02	3764.618	7.505935
2.2132	1.544e-01	3.145e-02	3759.137	7.506582
2.2147	1.538e-01	3.117e-02	3753.014	7.507227
2.2163	1.531e-01	3.091e-02	3747.268	7.507870
2.2179	1.524e-01	3.065e-02	3741.554	7.508512
2.2194	1.518e-01	3.038e-02	3735.374	7.509151
2.2210	1.511e-01	3.013e-02	3729.812	7.509788
2.2226	1.505e-01	2.987e-02	3723.788	7.510424
2.2241	1.498e-01	2.961e-02	3717.669	7.511058
2.2257	1.491e-01	2.937e-02	3712.105	7.511689
2.2273	1.485e-01	2.910e-02	3705.867	7.512319
2.2288	1.478e-01	2.885e-02	3699.964	7.512947
2.2304	1.471e-01	2.861e-02	3694.152	7.513573
2.2320	1.465e-01	2.835e-02	3687.841	7.514197
2.2336	1.458e-01	2.811e-02	3682.179	7.514819
2.2351	1.451e-01	2.786e-02	3675.984	7.515439
2.2367	1.445e-01	2.761e-02	3669.784	7.516057
2.2383	1.438e-01	2.738e-02	3664.063	7.516673
2.2398	1.431e-01	2.712e-02	3657.671	7.517287
2.2414	1.425e-01	2.689e-02	3651.822	7.517899
2.2430	1.418e-01	2.665e-02	3645.720	7.518510
2.2445	1.411e-01	2.640e-02	3639.372	7.519118
2.2461	1.405e-01	2.618e-02	3633.636	7.519724
2.2477	1.398e-01	2.593e-02	3627.207	7.520328
2.2493	1.392e-01	2.570e-02	3621.165	7.520930
2.2508	1.385e-01	2.547e-02	3615.094	7.521530
2.2524	1.378e-01	2.523e-02	3608.614	7.522129
2.2540	1.372e-01	2.502e-02	3602.804	7.522725
2.2555	1.365e-01	2.478e-02	3596.300	7.523319
2.2571	1.359e-01	2.455e-02	3590.140	7.523911
2.2587	1.352e-01	2.433e-02	3584.007	7.524501
2.2602	1.345e-01	2.409e-02	3577.435	7.525088
2.2618	1.339e-01	2.388e-02	3571.548	7.525674
2.2634	1.332e-01	2.365e-02	3564.981	7.526258
2.2650	1.325e-01	2.343e-02	3558.817	7.526840
2.2665	1.319e-01	2.321e-02	3552.521	7.527419
2.2681	1.312e-01	2.299e-02	3545.908	7.527997
2.2697	1.306e-01	2.278e-02	3539.926	7.528572
2.2712	1.299e-01	2.255e-02	3533.184	7.529145
2.2728	1.292e-01	2.235e-02	3527.069	7.529716
2.2744	1.286e-01	2.213e-02	3520.505	7.530285
2.2759	1.279e-01	2.191e-02	3513.933	7.530852
2.2775	1.273e-01	2.171e-02	3507.750	7.531417
2.2791	1.266e-01	2.149e-02	3500.912	7.531980
2.2806	1.259e-01	2.129e-02	3494.814	7.532540
2.2822	1.253e-01	2.108e-02	3487.930	7.533098
2.2838	1.246e-01	2.088e-02	3481.586	7.533654
2.2854	1.240e-01	2.067e-02	3474.991	7.534208
2.2869	1.233e-01	2.046e-02	3468.238	7.534760
2.2885	1.227e-01	2.027e-02	3461.946	7.535310
2.2901	1.220e-01	2.005e-02	3454.938	7.535857
2.2916	1.213e-01	1.987e-02	3448.697	7.536402
2.2932	1.207e-01	1.966e-02	3441.675	7.536945
2.2948	1.200e-01	1.947e-02	3435.252	7.537486
2.2963	1.194e-01	1.927e-02	3428.395	7.538025
2.2979	1.187e-01	1.907e-02	3421.607	7.538561
2.2995	1.181e-01	1.888e-02	3415.048	7.539095
2.3011	1.174e-01	1.868e-02	3407.988	7.539627
2.3026	1.168e-01	1.850e-02	3401.595	7.540157
2.3042	1.161e-01	1.830e-02	3394.409	7.540684
2.3058	1.154e-01	1.812e-02	3388.012	7.541209
2.3073	1.148e-01	1.792e-02	3380.822	7.541732
2.3089	1.141e-01	1.775e-02	3374.279	7.542253
2.3105	1.135e-01	1.756e-02	3367.209	7.542771
2.3120	1.128e-01	1.737e-02	3360.454	7.543288
2.3136	1.122e-01	1.719e-02	3353.589	7.543802
2.3152	1.115e-01	1.701e-02	3346.537	7.544313
2.3167	1.109e-01	1.683e-02	3339.854	7.544823
2.3183	1.102e-01	1.665e-02	3332.603	7.545330
2.3199	1.096e-01	1.648e-02	3326.005	7.545834
2.3215	1.089e-01	1.629e-02	3318.633	7.546337
2.3230	1.083e-01	1.613e-02	3312.042	7.546837
2.3246	1.076e-01	1.594e-02	3304.603	7.547335
2.3262	1.070e-01	1.578e-02	3297.965	7.547830
2.3277	1.064e-01	1.560e-02	3290.498	7.548324
2.3293	1.057e-01	1.544e-02	3283.778	7.548814
2.3309	1.051e-01	1.526e-02	3276.306	7.549303
2.3324	1.044e-01	1.510e-02	3269.453	7.549789
2.3340	1.038e-01	1.492e-02	3261.998	7.550273
2.3356	1.031e-01	1.476e-02	3255.082	7.550755
2.3372	1.025e-01	1.459e-02	3247.635	7.551234
2.3387	1.018e-01	1.443e-02	3240.622	7.551711
2.3403	1.012e-01	1.427e-02	3233.173	7.552185
2.3419	1.006e-01	1.411e-02	3226.079	7.552657
2.3434	9.991e-02	1.394e-02	3218.613	7.553127
2.3450	9.927e-02	1.379e-02	3211.458	7.553594
2.3466	9.863e-02	1.363e-02	3203.951	7.554059
2.3481	9.799e-02	1.347e-02	3196.758	7.554521
2.3497	9.735e-02	1.331e-02	3189.188	7.554982
2.3513	9.671e-02	1.316e-02	3181.977	7.555439
2.3528	9.607e-02	1.301e-02	3174.304	7.555895
2.3544	9.544e-02	1.286e-02	3167.080	7.556348
2.3560	9.480e-02	1.270e-02	3159.305	7.556798
2.3576	9.416e-02	1.256e-02	3152.095	7.557246
2.3591	9.353e-02	1.240e-02	3144.211	7.557692
2.3607	9.289e-02	1.226e-02	3137.019	7.558135
2.3623	9.226e-02	1.211e-02	3129.030	7.558576
2.3638	9.162e-02	1.197e-02	3121.840	7.559014
2.3654	9.099e-02	1.181e-02	3113.786	7.559450
2.3670	9.036e-02	1.168e-02	3106.580	7.559884
2.3685	8.973e-02	1.153e-02	3098.508	7.560315
2.3701	8.911e-02	1.140e-02	3091.221	7.560743
2.3717	8.848e-02	1.125e-02	3083.190	7.561170
2.3733	8.785e-02	1.112e-02	3075.777	7.561593
2.3748	8.722e-02	1.097e-02	3067.859	7.562015
2.3764	8.660e-02	1.084e-02	3060.191	7.562433
2.3780	8.597e-02	1.071e-02	3052.495	7.562850
2.3795	8.535e-02	1.057e-02	3044.475	7.563264
2.3811	8.472e-02	1.044e-02	3036.945	7.563675
2.3827	8.410e-02	1.030e-02	3028.659	7.564084
2.3842	8.348e-02	1.018e-02	3021.171	7.564490
2.3858	8.286e-02	1.004e-02	3012.794	7.564894
2.3874	8.224e-02	9.914e-03	3005.182	7.565296
2.3889	8.161e-02	9.782e-03	2996.969	7.565695
2.3905	8.100e-02	9.656e-03	2989.029	7.566091
2.3921	8.038e-02	9.532e-03	2981.169	7.566485
2.3937	7.976e-02	9.402e-03	2972.753	7.566877
2.3952	7.914e-02	9.284e-03	2965.050	7.567266
2.3968	7.853e-02	9.154e-03	2956.460	7.567652
2.3984	7.791e-02	9.037e-03	2948.624	7.568036
2.3999	7.730e-02	8.914e-03	2940.296	7.568417
2.4015	7.669e-02	8.792e-03	2931.980	7.568796
2.4031	7.608e-02	8.678e-03	2924.035	7.569173
2.4046	7.546e-02	8.553e-03	2915.230	7.569547
2.4062	7.486e-02	8.442e-03	2907.268	7.569918
2.4078	7.425e-02	8.323e-03	2898.673	7.570287
2.4094	7.364e-02	8.207e-03	2890.251	7.570653
2.4109	7.303e-02	8.098e-03	2882.137	7.571017
2.4125	7.243e-02	7.979e-03	2873.223	7.571378
2.4141	7.183e-02	7.872e-03	2865.106	7.571737
2.4156	7.123e-02	7.760e-03	2856.539	7.572093
2.4172	7.063e-02	7.648e-03	2847.824	7.572446
2.4188	7.003e-02	7.544e-03	2839.646	7.572797
2.4203	6.943e-02	7.431e-03	2830.632	7.573146
2.4219	6.883e-02	7.326e-03	2822.189	7.573492
2.4235	6.823e-02	7.223e-03	2813.757	7.573835
2.4251	6.764e-02	7.113e-03	2804.614	7.574176
2.4266	6.705e-02	7.013e-03	2796.228	7.574515
2.4282	6.645e-02	6.910e-03	2787.493	7.574851
2.4298	6.586e-02	6.804e-03	2778.372	7.575184
2.4313	6.527e-02	6.708e-03	2769.929	7.575515
2.4329	6.468e-02	6.606e-03	2760.930	7.575843
2.4345	6.409e-02	6.505e-03	2751.841	7.576168
2.4360	6.351e-02	6.411e-03	2743.279	7.576491
2.4376	6.292e-02	6.311e-03	2734.090	7.576812
2.4392	6.234e-02	6.213e-03	2724.939	7.577130
2.4407	6.176e-02	6.122e-03	2716.272	7.577445
2.4423	6.118e-02	6.025e-03	2707.021	7.577758
2.4439	6.060e-02	5.930e-03	2697.718	7.578068
2.4455	6.002e-02	5.841e-03	2688.943	7.578376
2.4470	5.944e-02	5.749e-03	2679.738	7.578681
2.4486	5.887e-02	5.655e-03	2670.145	7.578984
2.4502	5.829e-02	5.568e-03	2661.191	7.579284
2.4517	5.772e-02	5.481e-03	2652.028	7.579582
2.4533	5.715e-02	5.389e-03	2642.272	7.579877
2.4549	5.659e-02	5.304e-03	2633.112	7.580169
2.4564	5.602e-02	5.220e-03	2624.019	7.580459
2.4580	5.546e-02	5.132e-03	2614.281	7.580746
2.4596	5.489e-02	5.047e-03	2604.761	7.581031
2.4612	5.433e-02	4.967e-03	2595.614	7.581314
2.4627	5.377e-02	4.885e-03	2586.197	7.581593
2.4643	5.322e-02	4.800e-03	2576.224	7.581870
2.4659	5.266e-02	4.721e-03	2566.755	7.582145
2.4674	5.210e-02	4.643e-03	2557.444	7.582417
2.4690	5.155e-02	4.564e-03	2547.753	7.582687
2.4706	5.100e-02	4.483e-03	2537.675	7.582954
2.4721	5.045e-02	4.407e-03	2528.099	7.583218
2.4737	4.990e-02	4.333e-03	2518.627	7.583480
2.4753	4.936e-02	4.258e-03	2508.825	7.583740
2.4768	4.881e-02	4.180e-03	2498.594	7.583997
2.4784	4.827e-02	4.107e-03	2488.779	7.584251
2.4800	4.773e-02	4.036e-03	2479.134	7.584503
2.4816	4.719e-02	3.965e-03	2469.315	7.584753
2.4831	4.666e-02	3.892e-03	2459.032	7.585000
2.4847	4.613e-02	3.821e-03	2448.831	7.585244
2.4863	4.560e-02	3.752e-03	2438.922	7.585486
2.4878	4.507e-02	3.686e-03	2429.047	7.585725
2.4894	4.454e-02	3.618e-03	2418.962	7.585962
2.4910	4.402e-02	3.550e-03	2408.468	7.586197
2.4925	4.350e-02	3.482e-03	2398.031	7.586429
2.4941	4.298e-02	3.418e-03	2387.842	7.586658
2.4957	4.246e-02	3.355e-03	2377.751	7.586885
2.4973	4.194e-02	3.292e-03	2367.560	7.587110
2.4988	4.143e-02	3.229e-03	2357.134	7.587332
2.5004	4.092e-02	3.165e-03	2346.399	7.587552
2.5020	4.041e-02	3.103e-03	2335.776	7.587769
2.5035	3.990e-02	3.043e-03	2325.316	7.587984
2.5051	3.939e-02	2.984e-03	2314.869	7.588196
2.5067	3.889e-02	2.926e-03	2304.413	7.588406
2.5082	3.839e-02	2.868e-03	2293.854	7.588613
2.5098	3.789e-02	2.811e-03	2283.139	7.588818
2.5114	3.740e-02	2.753e-03	2272.247	7.589021
2.5129	3.691e-02	2.697e-03	2261.290	7.589221
2.5145	3.642e-02	2.641e-03	2250.475	7.589419
2.5161	3.593e-02	2.587e-03	2239.692	7.589614
2.5177	3.545e-02	2.534e-03	2228.916	7.589807
2.5192	3.497e-02	2.482e-03	2218.117	7.589998
2.5208	3.449e-02	2.430e-03	2207.271	7.590186
2.5224	3.401e-02	2.380e-03	2196.365	7.590372
2.5239	3.354e-02	2.329e-03	2185.396	7.590556
2.5255	3.307e-02	2.279e-03	2174.326	7.590737
2.5271	3.260e-02	2.230e-03	2163.195	7.590916
2.5286	3.213e-02	2.182e-03	2151.999	7.591093
2.5302	3.167e-02	2.134e-03	2140.747	7.591267
2.5318	3.121e-02	2.087e-03	2129.462	7.591439
2.5334	3.075e-02	2.040e-03	2118.101	7.591609
2.5349	3.030e-02	1.994e-03	2106.717	7.591776
2.5365	2.985e-02	1.950e-03	2095.315	7.591941
2.5381	2.940e-02	1.905e-03	2083.881	7.592104
2.5396	2.895e-02	1.862e-03	2072.418	7.592264
2.5412	2.851e-02	1.819e-03	2060.939	7.592423
2.5428	2.807e-02	1.777e-03	2049.430	7.592579
2.5443	2.764e-02	1.736e-03	2037.877	7.592733
2.5459	2.720e-02	1.695e-03	2026.273	7.592884
2.5475	2.677e-02	1.655e-03	2014.608	7.593034
2.5491	2.634e-02	1.616e-03	2002.816	7.593181
2.5506	2.592e-02	1.577e-03	1990.989	7.593326
2.5522	2.550e-02	1.538e-03	1979.087	7.593469
2.5538	2.508e-02	1.500e-03	1967.109	7.593610
2.5553	2.466e-02	1.463e-03	1955.067	7.593748
2.5569	2.425e-02	1.426e-03	1943.005	7.593885
2.5585	2.384e-02	1.390e-03	1930.927	7.594019
2.5600	2.344e-02	1.355e-03	1918.843	7.594151
2.5616	2.304e-02	1.321e-03	1906.816	7.594281
2.5632	2.264e-02	1.288e-03	1894.924	7.594410
2.5647	2.224e-02	1.255e-03	1882.930	7.594536
2.5663	2.185e-02	1.222e-03	1870.704	7.594659
2.5679	2.146e-02	1.190e-03	1858.286	7.594781
2.5695	2.108e-02	1.158e-03	1845.777	7.594901
2.5710	2.069e-02	1.127e-03	1833.294	7.595019
2.5726	2.031e-02	1.097e-03	1821.062	7.595135
2.5742	1.994e-02	1.067e-03	1808.812	7.595249
2.5757	1.957e-02	1.038e-03	1796.183	7.595360
2.5773	1.920e-02	1.009e-03	1783.427	7.595470
2.5789	1.883e-02	9.804e-04	1770.787	7.595578
2.5804	1.847e-02	9.537e-04	1758.548	7.595684
2.5820	1.811e-02	9.268e-04	1745.933	7.595788
2.5836	1.776e-02	8.997e-04	1732.923	7.595890
2.5852	1.741e-02	8.735e-04	1720.023	7.595991
2.5867	1.706e-02	8.489e-04	1707.612	7.596089
2.5883	1.672e-02	8.236e-04	1694.587	7.596186
2.5899	1.638e-02	7.986e-04	1681.311	7.596280
2.5914	1.604e-02	7.753e-04	1668.651	7.596373
2.5930	1.571e-02	7.519e-04	1655.615	7.596464
2.5946	1.538e-02	7.284e-04	1642.222	7.596554
2.5961	1.505e-02	7.067e-04	1629.574	7.596641
2.5977	1.473e-02	6.846e-04	1616.337	7.596727
2.5993	1.441e-02	6.627e-04	1602.895	7.596811
2.6008	1.410e-02	6.424e-04	1590.083	7.596893
2.6024	1.378e-02	6.212e-04	1576.319	7.596974
2.6040	1.348e-02	6.016e-04	1563.237	7.597052
2.6056	1.317e-02	5.817e-04	1549.658	7.597130
2.6071	1.287e-02	5.625e-04	1536.134	7.597205
2.6087	1.257e-02	5.440e-04	1522.749	7.597279
2.6103	1.228e-02	5.255e-04	1509.052	7.597351
2.6118	1.199e-02	5.079e-04	1495.691	7.597422
2.6134	1.171e-02	4.902e-04	1481.876	7.597491
2.6150	1.142e-02	4.734e-04	1468.312	7.597558
2.6165	1.115e-02	4.569e-04	1454.614	7.597624
2.6181	1.087e-02	4.405e-04	1440.707	7.597689
2.6197	1.060e-02	4.251e-04	1427.217	7.597752
2.6213	1.033e-02	4.093e-04	1412.915	7.597813
2.6228	1.007e-02	3.946e-04	1399.289	7.597873
2.6244	9.809e-03	3.800e-04	1385.232	7.597931
2.6260	9.554e-03	3.655e-04	1370.918	7.597988
2.6275	9.301e-03	3.520e-04	1357.109	7.598044
2.6291	9.053e-03	3.385e-04	1342.956	7.598098
2.6307	8.808e-03	3.251e-04	1328.471	7.598151
2.6322	8.566e-03	3.125e-04	1314.443	7.598202
2.6338	8.329e-03	3.003e-04	1300.353	7.598252
2.6354	8.095e-03	2.882e-04	1285.895	7.598301
2.6369	7.865e-03	2.762e-04	1271.236	7.598348
2.6385	7.639e-03	2.649e-04	1256.832	7.598394
2.6401	7.416e-03	2.540e-04	1242.460	7.598439
2.6417	7.197e-03	2.434e-04	1228.052	7.598482
2.6432	6.981e-03	2.330e-04	1213.518	7.598525
2.6448	6.770e-03	2.230e-04	1198.879	7.598566
2.6464	6.562e-03	2.132e-04	1184.162	7.598606
2.6479	6.357e-03	2.037e-04	1169.391	7.598644
2.6495	6.157e-03	1.945e-04	1154.587	7.598682
2.6511	5.960e-03	1.857e-04	1139.768	7.598718
2.6526	5.766e-03	1.771e-04	1124.876	7.598753
2.6542	5.576e-03	1.688e-04	1109.876	7.598787
2.6558	5.390e-03	1.607e-04	1094.765	7.598820
2.6574	5.207e-03	1.528e-04	1079.537	7.598852
2.6589	5.028e-03	1.453e-04	1064.299	7.598883
2.6605	4.852e-03	1.381e-04	1049.302	7.598913
2.6621	4.680e-03	1.313e-04	1034.398	7.598942
2.6636	4.511e-03	1.245e-04	1018.993	7.598970
2.6652	4.346e-03	1.179e-04	1003.501	7.598996
2.6668	4.185e-03	1.118e-04	988.470	7.599022
2.6683	4.027e-03	1.057e-04	972.774	7.599047
2.6699	3.872e-03	9.997e-05	957.410	7.599071
2.6715	3.721e-03	9.442e-05	941.925	7.599094
2.6730	3.573e-03	8.910e-05	926.453	7.599117
2.6746	3.429e-03	8.395e-05	910.803	7.599138
2.6762	3.288e-03	7.912e-05	895.438	7.599159
2.6778	3.151e-03	7.432e-05	879.451	7.599178
2.6793	3.016e-03	6.985e-05	863.826	7.599197
2.6809	2.885e-03	6.559e-05	848.289	7.599215
2.6825	2.758e-03	6.148e-05	832.554	7.599233
2.6840	2.634e-03	5.752e-05	816.657	7.599249
2.6856	2.513e-03	5.374e-05	800.688	7.599265
2.6872	2.395e-03	5.017e-05	784.798	7.599280
2.6887	2.280e-03	4.678e-05	769.008	7.599294
2.6903	2.169e-03	4.356e-05	753.201	7.599308
2.6919	2.061e-03	4.048e-05	737.206	7.599321
2.6935	1.956e-03	3.754e-05	721.107	7.599334
2.6950	1.854e-03	3.475e-05	705.057	7.599346
2.6966	1.756e-03	3.217e-05	689.261	7.599357
2.6982	1.660e-03	2.965e-05	672.970	7.599367
2.6997	1.568e-03	2.735e-05	657.138	7.599377
2.7013	1.478e-03	2.512e-05	640.960	7.599387
2.7029	1.392e-03	2.303e-05	624.713	7.599396
2.7044	1.308e-03	2.108e-05	608.673	7.599404
2.7060	1.228e-03	1.925e-05	592.623	7.599412
2.7076	1.150e-03	1.753e-05	576.503	7.599420
2.7092	1.076e-03	1.592e-05	560.293	7.599427
2.7107	1.004e-03	1.444e-05	544.313	7.599433
2.7123	9.348e-04	1.304e-05	528.102	7.599439
2.7139	8.687e-04	1.174e-05	511.995	7.599445
2.7154	8.054e-04	1.053e-05	495.725	7.599450
2.7170	7.448e-04	9.415e-06	479.633	7.599455
2.7186	6.870e-04	8.387e-06	463.500	7.599460
2.7201	6.319e-04	7.440e-06	447.328	7.599464
2.7217	5.794e-04	6.581e-06	431.352	7.599467
2.7233	5.295e-04	5.779e-06	415.075	7.599471
2.7248	4.822e-04	5.058e-06	398.975	7.599474
2.7264	4.375e-04	4.400e-06	382.793	7.599477
2.7280	3.952e-04	3.806e-06	366.657	7.599480
2.7296	3.555e-04	3.272e-06	350.563	7.599482
2.7311	3.181e-04	2.793e-06	334.404	7.599484
2.7327	2.831e-04	2.363e-06	318.160	7.599486
2.7343	2.505e-04	1.985e-06	302.064	7.599488
2.7358	2.201e-04	1.650e-06	285.787	7.599489
2.7374	1.920e-04	1.355e-06	269.381	7.599491
2.7390	1.661e-04	1.100e-06	252.988	7.599492
2.7405	1.422e-04	8.807e-07	236.504	7.599493
2.7421	1.213e-04	7.373e-07	232.892	7.599494
2.7437	1.023e-04	5.760e-07	215.778	7.599494
2.7438	1.005e-04	0.000e+00	214.238	7.599494
